"Site_nr" "site_name" "HighForest" "HFclass" "HFpost" "Forest" "Foclass" "Fopost" "Agriculture" "Agclass" "Agpost" "Coniferous" "Beech" "Beclass" "Bepost" "Oak" "Oaclass" "Oapost" "Willow" "Wiclass" "Wipost" "Heathland" "Dwarfshrubs" "DSclass" "DSpost" "Alder" "Alclass" "Alpost" "Phragmites" "Phclass" "Phpost" "Atlantic" "Jutland" "Jyclass" "Jypost"
"1" 1 "Raabjerg_Kirke" 0 1 4.92010414975195e-06 0 1 1.14983478470838e-05 0 1 1.9797235748727e-05 0 0 1 0.0193292010470734 0 1 0.000963855287128238 0 1 2.08589989294565e-43 0 1 2 0.907255466401058 0 1 5.3114898160046e-07 0 1 2.08589989294565e-43 0 1 2 0.889383814109787
"2" 2 "Uggerby_Strand" 0 1 0.00243519493092855 0 1 0.00244815422758172 0 1 2.42651906101107e-19 0 0 1 0.0338719754123928 0 1 4.75609593922594e-10 0 1 6.08803361176892e-11 0 0 1 0.0141480661061592 1 1 0.0988087196223701 1 1 6.08803361176892e-11 0 1 2 0.999027108161834
"3" 3 "Raabjerg_Mile" 0 1 2.42803587583733e-07 0 1 0.0020069115181102 0 1 4.72737069736419e-38 0 0 1 0.000130662292760199 0 1 3.47433327031238e-13 0 1 0.0320202027188435 0 0 1 0.45513634513589 0 2 0.513737979990938 0 1 0.0320202027188435 0 1 2 0.955128815771568
"4" 4 "Kjaersgaard" 0 1 0.000636603217105046 0 1 1.34279231197917e-07 1 2 0.933273724461208 0 0 1 0.135922135854787 0 1 2.01563708706454e-06 0 1 5.2371460410953e-67 0 0 1 0.001691898670096 0 1 2.59228385785392e-08 0 1 5.2371460410953e-67 0 1 1 0.361872208398218
"5" 5 "Vandplasken" 0 1 1.22235914121364e-05 0 1 6.57113633842825e-05 0 1 2.68230312132706e-18 0 0 1 0.0259028336614777 0 1 1.14772883206676e-13 0 1 1.02107348060866e-10 0 0 1 0.182728437521041 0 1 0.141736744565719 1 1 1.02107348060866e-10 0 1 2 0.94515632198047
"6" 6 "Uggerby_Skovvej" 0 1 8.89091690334382e-05 0 1 6.91337824883063e-09 1 2 0.726619784309933 0 0 1 0.0646744451288476 0 1 2.39370261593522e-07 0 1 1.91009746919706e-73 0 0 1 0.00285419944976495 0 1 4.21988770199174e-09 0 1 1.91009746919706e-73 0 1 2 0.571713531890899
"7" 7 "Kjul_Strand" 0 1 0.0112962867894818 0 1 0.0472246058967128 0 1 5.43633373748331e-14 0 0 1 0.108261063743308 0 1 5.58183118057986e-09 0 1 6.31000409324303e-08 0 0 1 0.00163643298854244 0 1 0.393198059206147 1 1 6.31000409324303e-08 0 1 2 0.995842272868878
"8" 8 "Bunken" 0 1 2.91714002773044e-07 0 1 0.000780228963470048 0 1 1.18402766005994e-37 0 0 1 1.8921011036015e-05 0 1 8.7985786281331e-12 0 1 0.000386713847313074 0 1 2 0.782768864007433 0 1 0.177481680057553 1 1 0.000386713847313074 0 1 2 0.982050906330609
"9" 9 "Tversted_Plantage" 1 1 0.122679104730988 1 2 0.997399803081784 0 1 0.000536149205211874 1 0 1 0.110409678943825 0 1 0.179477176783544 0 1 2.914058799371e-06 0 0 1 0.168684492860035 0 1 0.0114062839031268 0 1 2.914058799371e-06 0 1 2 0.775314396311956
"10" 10 "Kaellingdal" 0 1 0.000131754841153855 0 1 6.91481431594539e-07 0 1 0.180682417102968 0 0 1 0.128930294688734 0 1 0.000161015352405089 0 1 3.48734043827114e-62 0 0 1 0.029625189737831 0 1 4.04445423484503e-08 0 1 3.48734043827114e-62 1 1 2 0.543476833282585
"11" 11 "Lild_Strand" 0 1 4.18849269087949e-05 0 1 0.00182708492374533 0 1 2.04362955560435e-12 0 0 1 0.0320930101406978 0 1 1.60170540847078e-05 0 1 5.79089297992825e-16 1 1 2 0.952046336269265 0 1 0.000678178682236073 0 1 5.79089297992825e-16 1 1 2 0.819829978352121
"12" 12 "Raspkaer" 0 1 2.93052302519182e-05 1 1 5.55567355784474e-05 0 1 5.79345610451904e-23 1 0 1 0.000243035116816425 0 1 5.01940798038846e-06 0 1 3.90188283749626e-13 0 1 2 0.953915635313174 0 1 0.00149139094870498 0 1 3.90188283749626e-13 1 1 2 0.983894049574059
"13" 13 "Toemmerby_Fjord" 0 1 0.00171459910169246 1 2 0.998540681215768 0 1 1.45470467468895e-21 0 0 1 0.0947551555376339 0 1 0.0460485266874384 1 1 0.0880850421806494 0 0 1 0.0345155486229258 0 1 0.158659622961378 0 1 0.0880850421806494 1 1 2 0.950987062561463
"14" 14 "Febbersted" 0 1 3.2994928978391e-07 0 1 2.05162175609377e-06 0 1 9.93569096187083e-08 0 0 1 0.0402084219744246 0 1 8.94965428412793e-05 0 1 4.32654021867859e-43 0 1 2 0.973565775492518 0 1 2.96180091208899e-07 0 1 4.32654021867859e-43 1 1 2 0.982165807391743
"15" 15 "Kokkaervand" 0 1 1.68698170464913e-07 0 1 1.24582965052377e-06 0 1 3.99732876565377e-17 0 0 1 0.0505743717902574 0 1 0.000170122265135538 0 1 1.01703916087927e-46 0 1 2 0.974989791577218 0 1 9.75205588252447e-08 0 1 1.01703916087927e-46 1 1 2 0.951415426814704
"16" 16 "Tjenestejorden" 0 1 0.000157362094376774 0 1 2.35753509893415e-07 1 2 0.644774991459124 0 0 1 0.0458985939238097 0 1 2.65940278621939e-05 0 1 2.90691931340678e-64 0 0 1 0.014375876652547 0 1 3.09643964635677e-08 0 1 2.90691931340678e-64 1 1 2 0.610999629329589
"17" 17 "Tovsigvej" 0 1 0.429730962645222 1 2 0.999650428265898 0 1 8.54612559699786e-10 0 0 1 0.137726737080582 1 1 0.204182299528787 0 1 4.32430041789526e-07 0 0 1 0.0527285669080866 0 1 0.00993353549312257 0 1 4.32430041789526e-07 1 1 2 0.905420416714389
"18" 18 "Oesterild" 0 1 0.000175864933919913 0 1 2.57505067792299e-05 0 1 0.000137577302799257 0 0 1 0.00286492215909837 0 1 1.80542202911762e-05 0 1 1.4530493996612e-33 0 0 2 0.557731097998065 0 1 4.66517831161138e-05 0 1 1.4530493996612e-33 1 1 2 0.870222573557447
"19" 19 "Buderupholm" 1 2 0.695254203206108 1 2 0.999772987197197 0 1 2.00086974487481e-09 0 1 1 0.00190542876929346 0 1 0.250519631374158 0 1 2.36636188201288e-22 0 0 1 3.99779066943491e-05 0 1 0.00207120477374843 0 1 2.36636188201288e-22 0 1 2 0.785933631167682
"20" 20 "Urskoven" 1 2 0.778459564186462 1 2 0.999981526657438 0 1 3.30995329602772e-05 0 1 1 0.111135378927443 0 2 0.567349143775633 0 1 1.29498188375047e-10 0 0 1 0.00134609360164411 0 1 0.010610364762714 0 1 1.29498188375047e-10 0 1 2 0.633363513782204
"21" 21 "Skindbjerglund" 0 2 0.833656932337542 1 2 0.999993294711739 0 1 0.000154102992587012 0 0 1 0.115278855660906 1 2 0.510164425094472 0 1 1.81628353629606e-06 0 0 1 0.000396945332933806 0 1 0.0518624237833475 0 1 1.81628353629606e-06 0 1 2 0.628818291823191
"22" 22 "Hoestemark_Engskov" 0 1 0.327161462872209 1 2 0.999999069229433 0 1 2.53350774234632e-11 0 0 1 0.100519174331582 0 1 0.457376000922015 0 1 0.235836954617422 0 1 1 6.6310455670014e-12 1 1 0.00334296480110259 0 1 0.235836954617422 0 1 2 0.575263071011064
"23" 23 "Hoestemark_Sumpskov" 0 1 0.000111542269086789 1 2 0.90062147261967 0 1 5.68181293488698e-19 0 0 1 0.0414056411338764 0 1 1.47940391511293e-05 0 2 0.810578795296332 0 0 1 0.0113683984680221 1 2 0.607148142103036 0 2 0.810578795296332 0 1 2 0.951452478448193
"24" 24 "Regan_Vest" 0 2 0.690168566105578 1 2 0.786140285572457 0 1 8.45841160371087e-14 0 0 1 0.0408180326483341 0 1 0.0170786190138973 0 1 1.17972084970977e-27 0 0 1 6.85537936357629e-05 0 1 0.00121544769280407 0 1 1.17972084970977e-27 0 1 2 0.99631067916596
"25" 25 "Gravlev_Kaer" 0 1 0.000638154403742778 0 1 0.000441713323089124 0 1 1.80251751494682e-12 0 0 1 0.0215005688226762 0 1 3.42089589762274e-13 0 1 6.71967617672087e-11 0 0 1 0.00688262553801252 0 1 0.246655376076825 0 1 6.71967617672087e-11 0 1 2 0.963118366959926
"26" 26 "Rold" 1 2 0.836465332614011 1 2 0.999999291665651 0 1 6.9710754911977e-07 0 1 1 0.106730327818943 0 1 0.430520282612379 0 1 1.81662593903974e-05 0 0 1 0.00036313629061707 0 1 0.0318833434028886 0 1 1.81662593903974e-05 0 1 2 0.825063804267479
"27" 27 "Husby_Klit" 0 1 6.81118470191103e-06 0 1 5.43480103540958e-05 0 1 3.50988290212568e-06 0 0 1 0.0325671578666567 0 1 0.0014229791182669 0 1 1.23318921135972e-38 0 1 2 0.946833162655634 0 1 1.12776110073687e-06 0 1 1.23318921135972e-38 1 1 2 0.98349910930621
"28" 28 "Ejstrup_Mose" 0 1 9.11048531133161e-09 0 1 0.00310608859043413 0 1 1.60222975527681e-30 0 0 1 0.000149203160001395 0 1 1.21350251607842e-12 0 1 0.333308140849264 0 1 2 0.80373071527103 0 1 0.293908516524534 1 1 0.333308140849264 1 1 2 0.980667239362581
"29" 29 "Soenderbyvej" 0 1 0.00485018321397456 0 1 1.75677146646022e-06 1 2 0.987046098397982 0 0 1 0.080143889077049 0 1 9.5621310745478e-08 0 1 1.39380769158967e-46 0 0 1 0.0047984098343065 0 1 8.77450509212328e-06 0 1 1.39380769158967e-46 1 1 2 0.642828484406403
"30" 30 "Lilleaa" 0 1 0.000144623169047906 0 1 0.00339408509086023 0 1 2.12819493400592e-12 0 0 1 0.0958291238410236 0 1 0.00356909944807929 0 1 4.43981808664462e-27 1 1 2 0.925421987923167 0 1 2.27407634109455e-05 0 1 4.43981808664462e-27 1 1 2 0.796161695297061
"31" 31 "Ejstrup_Eng" 0 1 0.000210780437816014 0 2 0.598162382747383 0 1 1.28699308981699e-18 0 0 1 0.0036563996428702 0 1 1.40259221539419e-07 0 1 0.357526139542112 0 0 1 0.00768336199027964 0 2 0.726112287658955 0 1 0.357526139542112 1 1 2 0.975890022196722
"32" 32 "Ejstrup_Krat" 0 1 1.47144771198424e-05 0 2 0.814167784374511 0 1 1.17338641125362e-26 0 0 1 0.0112936638003302 0 1 3.5445127801915e-07 1 2 0.801358859703523 0 0 1 0.0161472731829311 0 2 0.722140997150448 1 2 0.801358859703523 1 1 2 0.920871712853319
"33" 33 "Nissum" 0 1 0.00698025575393943 0 2 0.97685281898146 0 1 2.80691234160623e-20 0 0 1 0.016991315883409 0 1 0.00081748243675473 1 1 0.00290062804305615 0 0 1 0.0102531318038166 0 1 0.492214486207585 0 1 0.00290062804305615 1 1 2 0.973922589081119
"34" 34 "Klitvej" 0 1 0.00266160412353194 0 1 9.41209544093676e-05 1 1 0.067646319538077 0 0 1 0.00596294739904029 0 1 2.76078567612068e-05 0 1 1.18676637734003e-33 0 0 1 0.115839605565744 0 1 0.000105010604360559 1 1 1.18676637734003e-33 1 1 2 0.883531463642764
"35" 35 "Straasoe_Plantage" 0 1 0.483244087745549 1 2 0.999908019430311 0 1 2.21531787542787e-09 0 1 1 0.138886795784565 0 1 0.420913189631558 0 1 0.000160323924552929 0 0 1 0.0194533591095511 0 1 0.0265595789394744 0 1 0.000160323924552929 1 1 2 0.811304445943369
"36" 36 "Nymindegab" 0 1 3.9044018604671e-07 0 1 0.00125739470728026 0 1 9.11098628007295e-15 0 0 1 0.00527813294118966 0 1 1.98584167667089e-16 0 1 0.0207319673365205 0 1 1 0.00129090114298295 0 2 0.753876396072868 1 1 0.0207319673365205 1 1 2 0.999938262512704
"37" 37 "Houstrup_Strand" 0 1 1.01765489457483e-08 0 1 0.000273793391222769 0 1 2.25835370291443e-25 0 0 1 0.000110353257493532 0 1 1.83132261075156e-17 0 1 0.030502453789234 0 1 1 0.167793341619733 0 2 0.632594744906789 1 1 0.030502453789234 1 1 2 0.990723146439504
"38" 38 "Vroegum_Kaer" 0 1 6.68097913128251e-06 0 1 7.94643811468964e-05 0 1 1.66399986425223e-09 0 0 1 0.00148598897277589 0 1 1.67778114600577e-15 0 1 1.04373689708502e-08 0 0 1 0.0809386974595901 0 1 0.299720443058264 0 1 1.04373689708502e-08 1 1 2 0.995149450329196
"39" 39 "Kjaergaard_Loevklitter" 0 1 0.371047101829777 1 2 0.999793217341144 0 1 1.66295483843089e-07 0 0 1 0.129552220631021 1 1 0.294050403769787 0 1 0.000514533177781161 0 0 1 0.0228496346879199 0 1 0.0395460071419249 0 1 0.000514533177781161 1 1 2 0.584247591912071
"40" 40 "Loenne" 0 1 0.00288220617322224 0 1 1.56440864356427e-05 1 2 0.594614791536023 0 0 1 0.0109423968539114 0 1 2.47723743288094e-08 0 1 3.14137852148779e-31 0 0 1 0.0343501629406678 0 1 0.000486221369904703 0 1 3.14137852148779e-31 1 1 2 0.943790104664513
"41" 41 "Blaavand" 0 1 9.86405327724139e-07 0 1 3.33418127773382e-10 0 1 0.0147096186372504 0 0 1 0.0563215462975011 0 1 3.49746727036932e-08 0 1 2.72829582669564e-73 0 1 1 0.0111793347005406 0 1 2.21892201966528e-09 0 1 2.72829582669564e-73 1 1 1 0.39384483733007
"42" 42 "Breddal" 0 1 6.65102714570107e-08 0 1 1.5189164762968e-05 0 1 1.07006163331461e-23 0 0 1 0.0116117745055214 0 1 1.92027994181507e-10 0 1 1.84202890951634e-14 0 1 2 0.977381521193485 0 1 0.00128190566038382 0 1 1.84202890951634e-14 1 1 2 0.737099147129987
"43" 43 "Filsoevej" 0 1 0.0563816413290474 1 2 0.942727921758026 0 1 4.38787764690045e-08 0 0 1 0.00932298793462827 1 1 2.51314897583384e-09 0 1 4.36193114318107e-05 0 0 1 0.0526820395571871 0 1 0.122276444791646 0 1 4.36193114318107e-05 1 1 2 0.838411625843276
"44" 44 "Lovrup" 0 1 0.000854610943362922 0 1 0.000915526539669028 0 1 0.000329558688429401 0 0 1 0.0173737730907755 0 1 0.00172726823966182 0 1 5.45548108588247e-30 0 0 2 0.610910472956855 0 1 6.42671026646388e-05 0 1 5.45548108588247e-30 1 1 2 0.528320162035706
"45" 45 "Helm_Hede" 0 1 4.84375976712163e-06 0 1 4.23068062446875e-05 0 1 3.52673215438243e-14 0 0 1 0.00640625477017675 0 1 2.00514326337427e-07 0 1 1.13376337981064e-20 1 1 2 0.942790756559681 0 1 0.000448779654417611 0 1 1.13376337981064e-20 1 1 1 0.317082849578989
"46" 46 "Lindestykket" 0 1 0.467914719674622 1 2 0.999989560531067 0 1 1.31782721437994e-07 0 0 1 0.126515565682864 1 2 0.507869572416821 0 1 0.0716240041856773 0 0 1 0.000405785239594701 1 1 0.159891468168413 0 1 0.0716240041856773 1 1 2 0.537521959346038
"47" 47 "Lindet" 1 2 0.694169431598364 1 2 0.999990688974611 0 1 0.000273686324787136 0 0 1 0.126068518606757 1 1 0.492281638023813 0 1 0.00023153312604901 0 0 1 0.0019067652755667 0 1 0.0485183283105513 0 1 0.00023153312604901 1 1 2 0.504362542861505
"48" 48 "Gram_Slot" 0 2 0.83355779312785 1 2 0.999997740299233 0 1 4.34575825050125e-14 0 1 1 0.103242080295543 0 2 0.562437815376081 0 1 6.32377687869335e-05 0 0 1 0.000209369255128885 0 1 0.077001218877388 0 1 6.32377687869335e-05 1 1 1 0.330456577037726
"49" 49 "Groennevej" 1 2 0.722137606724311 1 2 0.999947391780839 0 1 7.60025320689757e-09 0 0 1 0.120251466043817 1 1 0.427961197980689 0 1 7.39952562460179e-06 0 0 1 0.000366401683409372 1 1 0.0783221414509099 0 1 7.39952562460179e-06 1 1 1 0.407348949645402
"50" 50 "Graabjerg_Mose" 0 1 0.0283070797637931 1 2 0.999911573083893 0 1 5.08517824311515e-22 0 0 1 0.142629720327109 0 1 0.317362023918966 0 1 0.399243469700747 0 0 1 0.00639749368842095 0 1 0.1458505772434 1 1 0.399243469700747 1 1 1 0.401142876716158
"51" 51 "Gram_aa" 0 1 0.00760804635687282 0 2 0.999919914472545 0 1 1.53877877789054e-11 0 0 1 0.127302151661483 0 1 0.000321442522293825 0 2 0.702799889815027 0 0 1 2.46889897166386e-05 1 2 0.740778229409001 1 2 0.702799889815027 1 1 2 0.583994693441862
"52" 52 "Damvej" 0 1 0.205680305259832 1 2 0.99875209179492 0 1 4.51374250912237e-08 1 0 1 0.115318671868333 0 1 0.17988606729963 0 1 1.09032806789778e-05 0 0 1 0.155197617091459 0 1 0.010595781816173 0 1 1.09032806789778e-05 1 1 1 0.423841114685744
"53" 53 "Elbjerg" 0 1 0.000840309371753021 0 1 1.34171950608328e-05 0 1 0.433853151569813 0 0 1 0.0500962593328255 0 1 0.00108406483946725 0 1 2.8300822101717e-56 0 0 1 0.0180864351838745 0 1 2.05389547645877e-07 0 1 2.8300822101717e-56 0 1 1 0.492888524175451
"54" 54 "Kaloe" 0 1 0.0160401057732865 0 1 6.93540525325051e-07 1 2 0.586706478590088 0 0 1 0.144905264721898 0 1 1.44296029451278e-09 0 1 8.12054790172282e-49 0 0 1 0.000521967799040189 0 1 8.03655263628496e-06 0 1 8.12054790172282e-49 0 1 1 0.297067814348546
"55" 55 "Glatved" 0 1 0.026469156632193 0 1 0.000160637771686251 0 1 0.000146311071530383 1 0 1 0.000212358318613121 0 1 0.000172876261947866 0 1 6.03567699108743e-48 0 0 1 0.00146702728274576 0 1 4.44048346782531e-06 0 1 6.03567699108743e-48 0 1 2 0.617412953548668
"56" 56 "Hestehaven" 1 2 0.867208700977255 1 2 0.999945671647462 0 1 2.37105908502132e-07 0 1 1 0.0655289395316718 0 1 0.132467945374959 0 1 3.24634036584025e-12 0 0 1 9.13737544284474e-06 0 1 0.058801281714267 0 1 3.24634036584025e-12 0 1 1 0.382099908384043
"57" 57 "Helligkilde" 0 1 0.00418300070510752 0 1 0.0175141076008396 0 1 8.67754897544187e-05 0 0 1 0.0414486163338878 0 1 0.0239182984202629 0 1 1.73498394515689e-27 0 1 1 0.438898539616713 0 1 9.57606435989996e-05 0 1 1.73498394515689e-27 0 1 2 0.55987287342119
"58" 58 "Tyskertaarnet" 0 1 0.00955119521294149 0 1 2.27889407069859e-06 0 1 0.0112120058486431 0 0 1 0.134509824117638 0 1 2.03667669425542e-06 0 1 5.21963586856765e-61 0 0 1 0.000246369803843068 0 1 1.93032647370934e-07 0 1 5.21963586856765e-61 0 1 2 0.527213508655752
"59" 59 "Sletterhage" 0 2 0.552374727064583 0 2 0.896367243783095 0 1 3.91550726274513e-06 0 0 1 0.116159245340143 0 1 0.0125440761220885 0 1 3.59862519179717e-16 0 0 1 0.00109338076992708 0 1 0.022180640531857 1 1 3.59862519179717e-16 0 1 2 0.843137831663854
"60" 60 "Strandkaer" 0 1 0.00162819394110666 0 1 2.11277943750146e-05 0 1 0.000150787295143437 0 0 1 0.00341675634279686 0 1 2.40601003656774e-12 0 1 3.50896546911517e-21 0 0 1 0.0114062597954766 0 1 0.015441180983654 0 1 3.50896546911517e-21 0 1 2 0.673842037804463
"61" 61 "Langemose" 0 1 9.72071987957874e-08 0 1 0.00788633517402018 0 1 6.06734097729464e-44 0 0 1 0.0926059335261602 0 1 3.22982217610924e-11 0 1 0.265932370057347 0 0 2 0.787689709776677 0 1 0.333751502812015 0 1 0.265932370057347 0 1 1 0.384670585186592
"62" 62 "Urfuglebakken" 0 1 1.55383908645374e-06 0 1 3.75406768578335e-05 0 1 2.90568146118784e-08 0 0 1 0.0790727638126338 0 1 0.00106625139147416 0 1 9.22449511287531e-40 1 0 2 0.989285062546149 0 1 4.18687940729756e-07 0 1 9.22449511287531e-40 0 1 2 0.735604455153749
"63" 63 "Letmose" 0 1 6.66145637165328e-11 0 1 1.07636400107319e-05 0 1 2.14000036141294e-18 0 0 1 0.00223061520289214 0 1 6.01313891323476e-17 0 1 2.99688097106875e-05 0 0 2 0.993465196913161 0 1 0.0396926463299559 0 1 2.99688097106875e-05 0 1 2 0.562477577055001
"64" 64 "Mossoe" 0 1 0.000111279702360938 0 1 8.41490419014737e-05 0 1 1.51787284225936e-08 0 0 1 0.000597380723383138 0 1 3.59129125497522e-11 0 1 1.20950911110658e-14 0 0 1 0.177184953026491 0 1 0.0421743989244631 0 1 1.20950911110658e-14 0 1 2 0.862762675163653
"65" 65 "Toervefladen" 0 1 2.42476025840652e-06 0 1 0.000122280723194538 0 1 1.24433354251261e-14 0 0 1 0.0108513846742655 0 1 1.45414504959433e-10 0 1 1.58305634898612e-10 0 0 2 0.854885169540433 0 1 0.0298351023214431 0 1 1.58305634898612e-10 0 1 2 0.774132327274918
"66" 66 "Odderholm" 0 1 0.000491544787683583 0 1 0.00772667359947388 0 1 5.37908746889247e-15 0 0 1 0.00159972082079925 0 1 6.8918063245153e-10 0 1 8.94491842568819e-07 0 0 1 0.0348416024433654 1 1 0.300509410129269 0 1 8.94491842568819e-07 0 1 2 0.540414857655649
"67" 67 "Hoejkol" 0 1 0.000247541803182401 0 1 0.022517940713938 0 1 1.17764487446629e-12 1 0 1 0.0983531055939919 0 1 0.0711338841264912 0 1 8.69185622587794e-34 0 1 2 0.851015847582365 0 1 2.64853905877182e-06 0 1 8.69185622587794e-34 0 1 2 0.555313444328765
"68" 68 "Haarup_Sande" 1 1 0.000403982647712321 1 2 0.697846950879432 0 1 4.39343426921301e-13 1 0 1 0.0981421838537771 0 1 0.0158840021587087 0 1 1.7101663686891e-10 0 1 2 0.6979547679979 0 1 0.00178287351350851 0 1 1.7101663686891e-10 0 1 1 0.399444461461787
"69" 69 "Knagerne" 1 2 0.742503118843996 1 2 0.999990380547914 0 1 0.000223992088119093 0 1 1 0.117457307175868 0 1 0.458171183911042 0 1 7.86887533295149e-08 0 0 1 0.00429203213894765 0 1 0.0100368085426758 0 1 7.86887533295149e-08 0 1 2 0.57549777095032
"70" 70 "Gjessoevej" 0 1 0.000126760028550103 1 2 0.995372429226653 0 1 1.24187029642626e-15 0 0 1 0.039873537966016 0 1 0.00284292061345365 1 2 0.506826777979811 0 0 1 0.00632125274182553 0 1 0.498757796856273 0 2 0.506826777979811 0 1 2 0.799849674779118
"71" 71 "Bjergfald" 0 2 0.864225727920855 1 2 0.99999379686607 0 1 0.116159078655391 0 1 1 0.015304748702054 0 1 0.20920367584226 0 1 9.00028659264172e-07 0 0 1 6.78256796876131e-06 1 1 0.151662527569651 0 1 9.00028659264172e-07 0 1 2 0.826749713537689
"72" 72 "Vejle_Fjord" 1 2 0.502997669645182 1 2 0.995174336786214 0 1 6.22717013778305e-10 0 0 1 0.109008186149207 0 1 0.00105516136791126 0 1 1.98473685447296e-07 0 0 1 1.30375432841253e-05 1 1 0.296813363372586 0 1 1.98473685447296e-07 0 1 1 0.446529889563407
"73" 73 "Broendsted_Faelled" 0 1 0.000110682846386823 0 1 5.12130896476765e-06 1 2 0.753250319054137 0 0 1 0.0202555651898178 0 1 0.000875601838145641 0 1 8.96922814737806e-53 0 0 1 0.191340448837913 0 1 2.7077858984403e-07 0 1 8.96922814737806e-53 0 1 1 0.454456426227521
"74" 74 "Rands_Fjord" 0 1 3.65708631759315e-07 0 1 0.000933567285805417 0 1 2.27145052595419e-19 0 0 1 0.0257507946263517 0 1 1.11678807718697e-16 0 1 0.0119485365637683 0 0 1 0.0496835685898974 1 2 0.667985609349817 1 1 0.0119485365637683 0 1 2 0.827747159149689
"75" 75 "Svinholt" 0 1 0.00561865278341345 0 1 2.22276439175655e-05 0 2 0.855439444580567 0 0 1 0.0296684361055062 0 1 5.25864366898963e-05 0 1 9.85485310112631e-48 0 0 1 0.00870119334764706 0 1 3.71430910557928e-06 0 1 9.85485310112631e-48 0 1 1 0.350811884415942
"76" 76 "Vesterskov" 1 2 0.86071027784907 1 2 0.999996663882225 0 1 0.000185347318299343 0 1 1 0.0999447474521746 0 1 0.443693301770651 0 1 3.98020198759413e-08 0 0 1 4.47179335931216e-05 0 1 0.0632933928332233 0 1 3.98020198759413e-08 0 1 1 0.380085171283846
"77" 77 "Rand_Skov" 1 2 0.708006779153205 1 2 0.999939583664397 0 1 1.6178321538048e-06 1 0 1 0.00622587829831528 0 2 0.577876915565342 0 1 3.87843228933443e-14 0 0 1 0.0018033343575563 0 1 0.00432259544362197 0 1 3.87843228933443e-14 0 1 2 0.516171350808248
"78" 78 "Grund_Skov" 1 2 0.744533652645625 1 2 0.999900981044683 0 1 3.34590234361607e-07 0 0 1 0.111730470895187 1 2 0.517797402282762 0 1 9.29392470833454e-14 0 0 1 0.00110500343373055 0 1 0.00736883694065735 0 1 9.29392470833454e-14 0 1 2 0.502552359454897
"79" 79 "Melby_Hede" 0 1 2.29548261648906e-07 0 1 5.12086635981353e-07 0 1 2.72658882735171e-05 0 0 1 0.0335056575221042 0 1 0.000245469606666636 0 1 1.96116501663014e-51 0 1 2 0.945350590753927 0 1 4.79729375629142e-08 0 1 1.96116501663014e-51 0 0 2 0.602441539784461
"80" 80 "Melby_Overdrev" 0 1 9.96813237255027e-06 0 1 9.01735711953372e-07 0 1 0.00013736274894598 0 0 1 0.0208048311621168 0 1 7.4391209094812e-05 0 1 2.34136734428632e-49 0 1 2 0.576380149741581 0 1 4.07503810211292e-07 0 1 2.34136734428632e-49 0 0 1 0.370770068663834
"81" 81 "Stroedam" 1 2 0.834811258943064 1 2 0.99999487162679 0 1 6.43376760451813e-17 0 1 1 0.107351708905022 0 2 0.555324792596814 0 1 1.19089773166442e-07 0 0 1 0.000276004726033552 0 1 0.0390323442491667 0 1 1.19089773166442e-07 0 0 1 0.459479899033383
"82" 82 "Birkemose" 1 1 0.000199205287391515 1 2 0.999110771325684 0 1 1.14433954678811e-17 0 0 1 0.134127461547891 0 1 0.00571260255042173 0 1 0.432000946633275 0 0 1 0.00010343916069821 1 2 0.639170177148333 0 1 0.432000946633275 0 0 1 0.364857794135415
"83" 83 "Maglemose" 0 1 2.82905095515898e-06 1 1 0.0725168988851351 0 1 2.01361018097893e-24 0 0 1 0.103817481724839 0 1 1.62168881104513e-07 1 1 0.234768155429009 0 0 2 0.681959706532117 0 1 0.228742761037185 0 1 0.234768155429009 0 0 1 0.274994039603509
"84" 84 "Toggerup_Toervemose" 0 1 6.25713809747641e-07 0 1 0.00727958920660046 0 1 3.91376175821166e-32 0 0 1 0.158991248628622 0 1 1.43769837563706e-09 0 1 0.0131480241408671 0 1 2 0.855035576301264 0 1 0.122476149678768 0 1 0.0131480241408671 0 0 1 0.269420881537523
"85" 85 "Ellemose" 0 1 1.50071334228212e-05 1 2 0.514961349428876 0 1 1.52849325634694e-35 0 0 1 0.0330983052199081 0 1 2.69462621617239e-08 1 2 0.773012251564265 0 0 1 0.00552376731484384 0 2 0.800432740101615 1 2 0.773012251564265 0 0 2 0.575317392854149
"86" 86 "Tisvilde_Hegn" 1 1 0.33443009275983 1 2 0.99916305763094 0 1 7.79546789700348e-06 1 0 1 0.111811162084692 0 1 0.363650675878868 0 1 1.15629592656996e-08 0 0 1 0.0722261398279938 0 1 0.00674659851568099 0 1 1.15629592656996e-08 0 0 1 0.467582268984104
"87" 87 "Tibberup_Holme" 0 2 0.682771129944933 1 2 0.999813412734812 0 1 1.43099890562727e-09 0 0 1 0.11214014513228 1 2 0.535850796612956 0 1 6.24669802905601e-14 0 0 1 0.00412097626936303 0 1 0.00435367731864348 0 1 6.24669802905601e-14 0 0 2 0.678781394915015
"88" 88 "Diesbjerg" 0 1 4.99788734839699e-05 0 1 6.35592566516379e-08 0 1 0.0162988695886057 0 0 1 0.0759866806379933 0 1 1.67562975612494e-05 0 1 8.21336457619999e-68 0 0 1 0.0202653514026224 0 1 1.0686049846989e-08 0 1 8.21336457619999e-68 0 0 1 0.363389908045122
"89" 89 "Eskebjerg_Vesterlyng" 0 1 0.00055791250458317 0 1 1.804448586648e-05 0 1 3.8405074964446e-07 0 0 1 0.0457230722843752 0 1 1.42319723410553e-08 0 1 1.02152822353841e-26 0 0 1 0.156248695904241 0 1 0.00113225802324306 0 1 1.02152822353841e-26 0 0 2 0.614064310206544
"90" 90 "Eskebjerg_Enghave" 0 1 9.86137411923817e-07 0 1 1.48688928631409e-05 0 1 3.06606995672953e-21 0 0 1 0.00333533290720137 0 1 4.09368994853322e-10 0 1 1.09510605895307e-16 0 1 2 0.913713322975989 0 1 0.00293645111803844 0 1 1.09510605895307e-16 0 0 1 0.468230810382618
"91" 91 "Malles_Naes" 0 1 1.81387764956037e-05 0 1 9.06893773956815e-08 0 1 0.00981336764229236 0 0 1 0.00251164836427996 0 1 1.25619859760089e-12 0 1 2.09216571448257e-34 0 0 1 0.157374914369789 0 1 0.000187514019799374 1 1 2.09216571448257e-34 0 0 2 0.769116846995235
"92" 92 "Kaldred_Kaer" 0 1 0.000152128222493373 0 1 1.35126655674707e-05 0 1 1.43352998841249e-14 0 0 1 0.053344071276931 0 1 1.17700059711095e-15 0 1 5.78946527998561e-16 0 0 1 0.0127683284246656 0 1 0.0767635143415199 1 1 5.78946527998561e-16 0 0 1 0.432841984612922
"93" 93 "Skamlebaek" 0 1 5.2556036748222e-05 0 1 5.24579713949824e-05 0 1 0.00225488646499998 0 0 1 0.042972230206886 0 1 0.00243084962119574 0 1 2.95802438880731e-41 1 1 2 0.732457666076304 0 1 1.82262225449692e-06 0 1 2.95802438880731e-41 0 0 2 0.572373747476738
"94" 94 "Roesnaes_Krat" 0 1 0.0375644873021294 0 1 5.17407213123442e-05 0 1 0.0273134567567592 0 0 1 0.116464265842612 0 1 1.39133934093423e-05 0 1 1.13392981386052e-49 0 0 1 0.000501349274437797 0 1 3.91973089396854e-06 0 1 1.13392981386052e-49 0 0 1 0.346509839303341
"95" 95 "Roesnaes" 0 1 0.00133142822926972 0 1 1.27602706316987e-07 1 2 0.906733364570209 0 0 1 0.137965878010026 0 1 1.55530704325974e-07 0 1 3.75319584634916e-61 0 0 1 0.0018373160480375 0 1 1.5788295295127e-07 0 1 3.75319584634916e-61 0 0 1 0.375021502817947
"96" 96 "Allindelille_Fredskov" 1 2 0.807549821310627 1 2 0.999997423259486 0 1 4.05428372270984e-13 0 1 1 0.00167942613780491 0 1 0.112816699561422 0 1 3.91599287457567e-07 0 0 1 1.54330545308021e-06 0 1 0.20712395963533 0 1 3.91599287457567e-07 0 0 1 0.487631970185997
"97" 97 "Suserup_Skov" 1 2 0.832562544372316 1 2 0.999965858332566 0 1 1.46429893562223e-14 0 1 1 0.0949873389906154 0 1 0.413432262485995 0 1 2.17321713793494e-14 0 0 1 8.3876945449732e-05 0 1 0.0132097788032433 0 1 2.17321713793494e-14 0 0 1 0.37517566887508
"98" 98 "Broby_Vesterskov" 1 2 0.870113839931401 1 2 0.999995611829182 0 1 1.13004260734069e-08 0 1 1 0.0434784157119153 0 1 0.271985555425297 0 1 1.95559301355173e-11 0 0 1 1.18233387951521e-05 0 1 0.0393911373036655 0 1 1.95559301355173e-11 0 0 1 0.439736840024943
"99" 99 "Avnsoe" 0 1 0.112247547994361 1 2 0.999997220656732 0 1 4.98798305274799e-11 0 0 1 0.122105589301151 0 2 0.511695264919253 0 1 0.264856371704911 0 0 1 0.000740463956174075 0 1 0.0954598100144517 0 1 0.264856371704911 0 0 1 0.400479046618137
"100" 100 "Smuldmosen" 0 1 0.00620208854295615 1 2 0.998858349996812 0 1 2.98043630630476e-26 0 0 1 0.0780314900118295 0 1 0.0363263987103694 1 2 0.643063559003722 0 0 1 0.00335484402299644 0 1 0.456203227058533 0 2 0.643063559003722 0 0 2 0.843514972509139
"101" 101 "Frederikskilde_Skov" 0 1 0.0663866592946121 1 2 0.998702959826317 0 1 5.24400932295183e-22 0 0 1 0.0610738286956191 0 1 0.00144894898025858 0 1 0.11949777954319 0 0 1 3.11766059647238e-05 1 2 0.662973623928787 0 1 0.11949777954319 0 0 2 0.811453164193004
"102" 102 "Kongskilde_Friluftsgaard" 0 1 0.00125624233369182 0 1 4.27248363052894e-08 1 2 0.913732601274358 0 0 1 0.140063901269245 0 1 4.94925656317884e-08 0 1 1.04410030783328e-66 0 0 1 0.000631211353425285 0 1 4.05954956376078e-08 0 1 1.04410030783328e-66 0 0 1 0.459960746923913
"103" 103 "Fuglebjerg" 0 1 0.00068521465063083 0 1 1.48406546485188e-08 1 2 0.879852091222712 0 0 1 0.141133475475698 0 1 2.13479618947045e-08 0 1 2.10891098869913e-69 0 0 1 0.000660376507405961 0 1 1.94132603074403e-08 0 1 2.10891098869913e-69 0 0 1 0.396044741476775
"104" 104 "Bimosen" 0 1 0.000548633588470441 0 1 1.01326153713816e-05 0 1 1.28621927538988e-17 0 0 1 0.0926860373963696 0 1 7.47373061918711e-16 0 1 3.21914097772377e-18 0 0 1 0.00411123583932862 0 1 0.0508591092932128 0 1 3.21914097772377e-18 0 0 1 0.339874438276046
"105" 105 "Svanninge_Bakker" 0 2 0.670221049786941 1 2 0.999224372083875 0 1 8.2492472010669e-20 0 0 1 0.112639495516842 1 1 0.482367813541123 0 1 9.55130335393269e-19 0 0 1 0.00129707382541415 0 1 0.00243182320251197 0 1 9.55130335393269e-19 0 0 2 0.570397174282067
"106" 106 "Hestebakke" 0 1 1.97055086859601e-05 0 1 8.46143712022183e-08 0 1 0.0916488157798185 0 0 1 0.0226276852674654 0 1 7.45387790333248e-05 0 1 1.72169812106132e-67 0 0 1 0.0548071025767275 0 1 8.00157905973225e-09 0 1 1.72169812106132e-67 0 0 1 0.354570514775502
"107" 107 "Dalkildegaard" 0 2 0.823515711501759 1 2 0.998113002884561 0 1 2.88868894119091e-13 0 0 1 0.113190938053668 1 1 0.0234599013923849 0 1 3.16904404501723e-16 0 0 1 0.000110710511352707 0 1 0.0172668994466967 0 1 3.16904404501723e-16 0 0 1 0.357114027835004
"108" 108 "Iglesoe" 0 1 7.32342889769802e-07 0 1 0.00501196220307524 0 1 9.48833142640383e-23 0 0 1 0.12469230668378 0 1 3.51759298148867e-09 0 1 0.00136737513739105 0 1 2 0.91816221550334 0 1 0.0521721737441845 0 1 0.00136737513739105 0 0 1 0.340157266712226
"109" 109 "Roedme_Svinehaver" 0 1 0.000285409470983432 0 1 2.08204909326174e-05 0 1 0.499993466173213 0 0 1 0.010292930739628 0 1 0.00079078202866511 0 1 8.63391048939066e-46 0 0 1 0.245411445951223 0 1 1.76147371891437e-06 0 1 8.63391048939066e-46 0 0 2 0.623801759540648
"110" 110 "Skyttegaard" 0 1 0.00375578454532766 1 2 0.997498131773562 0 1 4.32815858719308e-38 0 0 1 0.11168827974704 0 1 0.0381167041545581 0 1 0.37900888014041 0 0 1 0.0606404602003351 0 1 0.137703041700931 0 1 0.37900888014041 0 0 1 0.335181267588954
"111" 111 "Nybo_Mose" 0 1 6.29460655140574e-06 0 1 0.000732683985494273 0 1 4.24654756003224e-20 0 0 1 0.0443467054771328 0 1 2.02878851913297e-07 0 1 7.34778217177268e-12 0 1 2 0.956935887596572 0 1 0.00299355808666091 0 1 7.34778217177268e-12 0 0 1 0.402241944712663
"112" 112 "Staevningen" 0 1 1.03765599352306e-05 0 1 0.00468090815389026 0 1 8.61738860606974e-33 0 0 1 0.01908467241434 0 1 2.22386814420705e-07 0 1 2.75777196823814e-07 0 1 2 0.929776823901584 0 1 0.0136897187506357 0 1 2.75777196823814e-07 0 0 1 0.382363877845537
"113" 113 "Fuglsang_Storskov" 1 2 0.551790976651511 1 2 0.999714183425605 0 1 8.94840332051154e-05 1 0 1 0.0818127941063352 0 2 0.562349393283097 0 1 6.06624546622495e-13 0 0 1 0.0130294551236178 0 1 0.00357901243732533 0 1 6.06624546622495e-13 0 0 1 0.4639051509269
"114" 114 "Loegnor" 1 2 0.771659204426455 1 2 0.999990850666352 0 1 9.24749354175048e-07 0 1 1 0.0989593238947017 0 1 0.496558181068624 0 1 2.3554634800596e-12 0 0 1 0.000983398388578955 0 1 0.00554499361429546 0 1 2.3554634800596e-12 0 0 1 0.498576245667012
"115" 115 "Bursoe" 0 1 0.0276902236438506 0 1 1.1838956548284e-05 1 2 0.827884042220776 0 0 1 0.143496497571946 0 1 5.91131078429259e-07 0 1 6.83033617436121e-47 0 0 1 0.000875717468970125 0 1 9.73937837953149e-06 0 1 6.83033617436121e-47 0 0 1 0.460437228451988
"116" 116 "Fuglse_Mose" 0 1 0.00133190247724447 1 2 0.997546877906304 0 1 3.87115588676142e-19 0 0 1 0.142221541510466 0 1 0.00406315932950131 1 2 0.773836570566591 0 0 1 0.00131200229766791 1 2 0.56126612227989 0 2 0.773836570566591 0 0 1 0.387714561667313
"117" 117 "Skelsnaes" 0 1 5.81965018165511e-05 1 2 0.964889904455329 0 1 3.63710354217917e-37 0 0 1 0.0982891973800621 0 1 4.69032121803259e-06 1 2 0.814034734771107 0 0 1 0.000646057287145503 1 2 0.703501571095265 1 2 0.814034734771107 0 0 1 0.36773776305672
"118" 118 "Soeholt" 0 1 5.97802438105403e-05 1 2 0.964480075530096 0 1 1.69017395199668e-41 0 0 1 0.0832834431951412 0 1 5.01163149717737e-06 1 2 0.816032742425751 0 0 1 0.000698723056733391 1 2 0.703113309982249 1 2 0.816032742425751 0 0 2 0.619905789298256
"119" 119 "Musse_Mose" 0 1 0.0208316693398596 0 1 0.0031157065466808 0 1 3.88111127006135e-07 0 0 1 0.0116816063973343 0 1 3.00644834247363e-06 0 1 1.76975492348615e-19 0 0 1 0.0294398259325192 0 1 0.010281177351454 0 1 1.76975492348615e-19 0 0 2 0.520908608125334
"120" 120 "Hejrede_Soe" 0 1 0.000567627625559541 0 1 3.59226422791096e-09 1 2 0.852879889332433 0 0 1 0.119951236090695 0 1 8.4278061771796e-10 0 1 6.69492033763501e-70 0 0 1 0.000522174490178354 0 1 1.9976113919861e-08 0 1 6.69492033763501e-70 0 0 1 0.350498314820872
"121" 121 "Klinteskov" 0 2 0.852561831031116 1 2 0.991400854099777 0 1 8.23834015841218e-09 0 1 1 0.0892966491682984 0 1 0.0102351944527943 0 1 7.10905160017235e-17 0 0 1 1.60852517860164e-05 0 1 0.030422389399196 0 1 7.10905160017235e-17 0 0 1 0.446848695723093
"122" 122 "Ulvshale_Klit" 0 1 6.60088415224454e-08 0 1 1.25559470418344e-09 0 1 6.11409629701254e-06 0 0 1 0.00207841698645744 0 1 1.39791661890563e-07 0 1 1.12484810822199e-62 0 1 2 0.600972867008204 0 1 1.25938367880009e-08 0 1 1.12484810822199e-62 0 0 1 0.352939920813865
"123" 123 "Ulvshale_Hede" 0 1 2.78755498923982e-06 0 1 3.73123284092801e-05 0 1 5.19610349128554e-10 0 0 1 0.00431049076781303 0 1 2.81396434253989e-09 0 1 4.01759191843875e-16 1 1 2 0.902304669453418 0 1 0.00335161082209256 0 1 4.01759191843875e-16 0 0 1 0.362966143990458
"124" 124 "Busemarke_Mose" 0 1 0.00100285942088927 0 1 3.49436355252781e-08 0 1 0.351346018600359 0 0 1 0.0522082238237286 0 1 2.7487728390585e-15 0 1 3.02912740870492e-40 0 0 1 0.00187609787190386 0 1 0.000112980448044713 0 1 3.02912740870492e-40 0 0 2 0.90289269000542
"125" 125 "Busemarke_Soe" 0 1 6.87230327283072e-05 0 1 4.42294348337957e-07 0 1 0.000389950324914859 0 0 1 0.0136068017310883 0 1 2.21349276583623e-17 0 1 9.7285259020079e-24 0 0 1 0.0127902090475257 0 1 0.00993521636259188 0 1 9.7285259020079e-24 0 0 2 0.579716917996146
"126" 126 "Hoevblege" 0 1 0.000458042951999949 0 1 2.44897533733832e-06 0 1 0.0538814984576252 0 0 1 0.13384178684496 0 1 0.000419519643302561 0 1 2.06739268416344e-71 0 0 1 0.00108667632533543 0 1 5.22287154031764e-09 0 1 2.06739268416344e-71 0 0 1 0.352651463760091
"127" 127 "Timesoe_Bjerg" 1 2 0.59942155649047 1 2 0.766065466429591 0 1 9.67353473727398e-15 0 1 1 0.00355060903153533 0 1 0.00444424660046892 0 1 2.50527641063869e-17 0 0 1 0.000372749406303696 0 1 0.0219866408911273 0 1 2.50527641063869e-17 0 0 2 0.617727571876622
"128" 128 "Jydelejet" 0 1 0.0398062057707899 0 1 2.59824944577195e-05 0 1 0.0074356321733324 0 0 1 0.023881499422865 0 1 1.84123093657311e-07 0 1 2.44941556836054e-40 0 0 1 0.00125896285709074 0 1 6.34623537120016e-05 0 1 2.44941556836054e-40 0 0 2 0.546409223593049
"129" 129 "Hegnede_Bakke" 0 1 9.8643646642742e-05 0 1 1.21416580786319e-09 1 2 0.937484444094233 0 0 1 0.146043977397975 0 1 6.41253956622807e-11 0 1 1.1926313163203e-64 0 0 1 0.00388858639738842 0 1 7.01824299617045e-08 0 1 1.1926313163203e-64 0 0 1 0.381197620847981
"130" 130 "Lindebakker" 1 2 0.796938987740946 1 2 0.999935539277117 0 1 1.3737142564267e-06 0 1 1 0.0922013324356909 0 1 0.481812311037638 0 1 2.95180799732714e-15 0 0 1 0.000209802218298653 0 1 0.0082882638441926 0 1 2.95180799732714e-15 0 0 2 0.798599133176733
