"Data...1." "N" "NSE" "M" "MSE" "R" "RSE" "L" "LSE"
"1" 1 2.51581406179563 1.06216179615132 5.18564868213748 0.982955553899095 3.91264045442426 0.832451281612453 6.73881457224133 0.0957536490849616
"2" 2 4.12614740042305 1.0554361700791 7.06224520728431 0.96870573593363 5.89821174013541 0.83062832717849 6.31232503593879 0.0861004051421505
"3" 3 3.20015165066562 1.07792049617884 8.19495677942107 0.99116614727105 4.71360459724648 0.83927713755594 6.73933435932013 0.109264408266822
"4" 4 6.89768766443869 1.06969117626845 4.63911810119199 0.981371897723371 6.50532001869509 0.832548165209825 6.46606647134416 0.0871022211653165
"5" 5 4.39880513166073 1.04590306848214 7.35569438464525 0.983013206657851 5.05498331958479 0.82637870476689 6.73693083558257 0.0865781642062152
"6" 6 4.13882250132819 1.06499392461377 4.70623106400822 0.984612077544234 6.56398220468723 0.814955942370408 6.67570638638364 0.0978563227524899
"7" 7 4.02775038635869 1.0423062755963 7.04312112395417 0.974571742196598 6.32405364045914 0.832412510896061 6.11832998454737 0.0884341947139398
"8" 8 3.45322214756131 1.07017746824012 7.90315651659119 0.989527882480743 3.91711363240026 0.817109398115036 6.61069781282453 0.1251677272437
"9" 9 2.76748368355878 1.05127982963656 6.14098755313103 0.968763080739491 3.65609227958257 0.833240994564211 5.48138786144988 0.0980735781503344
"10" 10 3.44910751571911 1.0613979104207 4.63567064132981 0.98082295549344 5.73728413891277 0.828051063916662 6.5570817616228 0.0848317923030745
"11" 11 2.60884573085212 1.05697339447632 6.2826483031566 0.979764203933809 3.00162475426952 0.832057672398885 6.45602431984579 0.0868971172473383
"12" 12 2.52345924098755 1.05790798152398 6.47767916376097 0.980944232022975 2.92057938214665 0.839069414097495 6.45262509911604 0.0905625318048125
"13" 13 3.43760887042297 1.05215618626273 7.48606880599293 0.977648993456439 4.06324147678085 0.818803608724813 5.67497167005669 0.102921598240354
"14" 14 2.23176652238222 1.06396816716261 5.21969847043079 0.980076457933581 3.30850183682002 0.806603824923244 7.00462947617863 0.111781548432968
"15" 15 2.16194647746373 1.06197908949009 5.01225265582338 0.97344920005624 3.35133140092324 0.834776523132359 7.01998405052054 0.121512779433443
"16" 16 4.53797863693811 1.06089066466936 4.77095666988097 0.985478528850045 6.09959175704938 0.831772384732223 6.52118080220119 0.0906761219038733
"17" 17 3.58850382586166 1.05215036690988 5.9094414692373 0.97600564913317 3.93771444120041 0.820102574995304 5.09565126770734 0.0912153469162681
"18" 18 3.98635231122173 1.04711383036335 5.80255542850419 0.974557633045253 4.71236155528215 0.835121967447289 6.52153200533669 0.0820100979362732
"19" 19 5.3320989645875 1.06583125854631 4.57668787369088 0.998474119200032 5.80665617490272 0.851697852786145 4.51407724109095 0.132470058662161
"20" 20 4.77570537053939 1.06175347217778 5.40499486291483 0.981083657737992 4.86135923698394 0.835192410305014 4.51989626731828 0.0790689934185956
"21" 21 5.19364821965635 1.06616244136938 5.78821864679466 0.983157935805578 5.122276642145 0.836053834397993 4.43513642483793 0.0828829238389584
"22" 22 4.59417539428932 1.05326766739561 6.52751254332705 0.978101300053026 4.1959038362592 0.837859349984361 4.62571037911387 0.0978350590668602
"23" 23 4.9873932903087 1.05450949023079 7.88355016382682 0.981769588996433 5.36830376496128 0.827609918864129 6.06156572497947 0.100907941035577
"24" 24 5.04930629857844 1.05449599283168 4.97062423674163 0.982141815254417 6.40426820454724 0.83544478326513 4.96728544842546 0.0917422606050558
"25" 25 4.78022113599794 1.05958905833751 7.2974381650646 0.973153667053212 6.26634183553114 0.832086296337841 6.46852232043426 0.0921537208934406
"26" 26 4.89083639540335 1.05993703523214 5.66863894357112 0.983549452362126 4.75323527975555 0.838231640565177 4.23705564732428 0.0905544711176645
"27" 27 2.49528156182813 1.0612195129288 5.22542644693198 0.982738020473611 3.54560735985816 0.824791944903799 6.67530450962732 0.0963430517336447
"28" 28 3.08366103036393 1.04590428162749 8.38153776361684 0.995788370059945 3.62851974566684 0.83980774040074 6.71484234384232 0.131775279811234
"29" 29 6.51218024556864 1.07598954480881 5.43381148039834 0.963506608775609 6.27226300075708 0.830722859755197 6.40525617343129 0.0756377180581336
"30" 30 1.92654264392023 1.0647727423568 5.42990412301972 0.977019940776582 3.31537870501483 0.832856867138985 6.46588254899264 0.0910279156799696
"31" 31 4.13474020341464 1.05882319970765 7.89496853997257 0.993039583854172 5.93412192547699 0.832940279266146 6.08960474091587 0.107941562119017
"32" 32 3.77603126516692 1.06969497979324 8.15261557237411 0.98837996635659 5.5186436229631 0.821546410224569 6.23265721224939 0.11263717501081
"33" 33 4.66562370190573 1.06073382152891 7.36274664334198 0.985247795835744 5.36484748325086 0.832993475388689 5.72014406779676 0.0890930417355148
"34" 34 3.53417166607634 1.0612938587646 5.79334189436843 0.985885706942407 5.39524778004872 0.835571688433379 6.25806560375336 0.0869885077597715
"35" 35 4.15195834536602 1.05681204875019 6.12259161333213 0.967000644293381 4.02900286214151 0.834450603410994 5.01416228380377 0.0874145759316076
"36" 36 3.74092232477115 1.0525515752951 8.29187811603162 0.97649671647285 5.76554052046986 0.834407197747959 6.86306786311941 0.106750179204417
"37" 37 3.40217985388293 1.0650528060553 8.50061643669788 0.990446153443746 4.93520948620489 0.842299373700222 6.93428894666579 0.137710865951849
"38" 38 3.95732047074173 1.05512959828556 7.7383638887669 0.977569759866093 5.60105919539429 0.837397401960015 6.74607249402176 0.0966525071942928
"39" 39 3.55868037181037 1.05101256839993 6.29838998104458 0.969603246684982 4.13544423279752 0.828405733580666 5.07479823069933 0.0843937779385796
"40" 40 5.10175886605077 1.05560841095087 6.12423787233022 0.976213464026558 5.79612675388113 0.832194733265859 6.37526259436431 0.0889859728930651
"41" 41 3.34271861184322 1.06283093782914 4.85369904582271 0.984867363686284 5.64398335885446 0.826895394397277 7.20161807946652 0.101874710387777
"42" 42 1.90169603363274 1.06541130865493 6.74932466933112 0.966265143737355 2.57497886277935 0.847776368752544 6.90092881263777 0.125270713363459
"43" 43 4.90740455739322 1.04524847541038 6.83961904098939 0.985172214131374 4.83739274679065 0.836903711748303 5.53848810456266 0.101182759209288
"44" 44 3.95384704666637 1.04477469571687 5.63588359739315 0.981289252473428 4.42438032371939 0.831714294501732 6.30096367718665 0.0749597739682436
"45" 45 2.53284064553605 1.05768507875357 6.36741618969968 0.980740636067289 3.40730394215006 0.835591757910136 6.70859528959191 0.0818219175948231
"46" 46 5.73660247470459 1.05175387152687 6.45719273707387 0.976278564465709 5.03540244806682 0.830639470338856 4.73375018830286 0.071601100580487
"47" 47 4.3946718703351 1.05175348261467 6.00289270657273 0.977029096204387 4.56994479254233 0.826498844138332 4.63861794366405 0.0751215639239957
"48" 48 4.56318194109936 1.05188102712273 5.83777771802429 0.97624631095752 5.06903591291599 0.835367164595354 4.37897486450355 0.0807583439249345
"49" 49 5.26067437281101 1.05761646111966 6.04175338468056 0.98052592693048 5.41037180392999 0.828727401036364 4.6624577905729 0.0712234476088969
"50" 50 3.79737719467862 1.05446409317161 7.05684267395655 0.977326334117278 4.20598643740008 0.830487940373605 5.2549083267984 0.0973453593017905
"51" 51 6.51234013562592 1.06918747831831 7.27935365375357 0.988979904273215 6.64298346306246 0.825959337014168 5.2698745535849 0.11712117246245
"52" 52 2.96716905402397 1.06609692997065 6.11258870562478 0.976677832845179 3.52638325417782 0.837324987113781 5.2843300947701 0.107195815230556
"53" 53 4.61471118612058 1.04831672145137 4.78636639428143 0.986535504345898 5.93541709640465 0.831983430960454 6.21689716323315 0.0854183468579092
"54" 54 6.03596330364214 1.0949709620484 5.3220563027355 0.977351688302955 6.70796282738689 0.839357522880295 6.39315779883389 0.100396950191042
"55" 55 4.19023311749437 1.0541852525952 4.76367327371399 0.990028549125308 6.13469676712824 0.839319519396239 6.0110085663247 0.0975122024419165
"56" 56 5.68649200131727 1.06598554857095 5.43228525551796 0.985791615200187 6.3407740694449 0.835643260256055 4.30923866855702 0.104694115793549
"57" 57 3.61449525221756 1.05206094075928 5.50137774207628 0.979342475318379 4.38521293554043 0.82750017185124 6.05769751906188 0.0751040885684515
"58" 58 4.44755093469129 1.05844132133608 4.67591246551444 0.977800281451349 6.8439148705299 0.836231329621806 6.09721310970695 0.0874334830499389
"59" 59 4.08428754951984 1.0284877808648 5.87467688979986 0.97778599520289 5.98056766779299 0.83047106373777 5.25317606228223 0.0732823215413022
"60" 60 4.68875466732327 1.05190797943139 6.83294489620777 0.982504354685411 6.23200306441186 0.834739461032488 6.44568182143391 0.110423959061609
"61" 61 2.9165287846646 1.04539889667441 7.90532630348114 1.0036519080642 3.5829163883018 0.845846212669127 6.69667571379845 0.127205434585726
"62" 62 2.0609158727825 1.06223753029391 5.05815364324771 0.983789583489787 3.1552139701937 0.83679061091541 6.83404218182654 0.116699926783586
"63" 63 2.38025338218399 1.0550794687793 7.97490955846459 0.997480177962703 2.46150869685828 0.858824389725312 7.15292810533157 0.187787916715959
"64" 64 4.37716241316938 1.05084447522192 7.1104874532711 0.978307139957695 5.28341253872999 0.838410262222975 6.50704547823386 0.101393911962788
"65" 65 2.51064991004401 1.05419018471074 7.14198081901553 0.97993472629861 3.80950885792489 0.826037966636366 6.69516050866506 0.0900026581279773
"66" 66 4.82357066833593 1.04602703993285 7.46938640861524 0.985862908378936 5.75046683475841 0.835592386282323 6.28346495802301 0.0962120916284424
"67" 67 3.08225560298805 1.05823502437193 4.91013245310086 0.975603388461335 3.54226150690718 0.833481890530694 6.25857548155754 0.101869315906415
"68" 68 2.63547607669018 1.06166607132558 6.02594431338716 0.975182416686557 3.12456408708658 0.833514475264464 5.82530532198406 0.112293952087534
"69" 69 4.09318746474794 1.05500204150703 5.55866029580783 0.979418188974144 4.33817613680083 0.833329675509451 4.58349323663403 0.0814580294844095
"70" 70 4.45282953814767 1.05452023123088 7.92312402199554 0.985454487483719 5.08498209640675 0.829751452804152 5.80064892773709 0.11950976894132
"71" 71 5.81457663039024 1.05979869766964 5.61490970719484 0.992892602559922 6.01269737308537 0.839713341382255 4.23431884531977 0.10826111265074
"72" 72 6.27171574105732 1.06560110022732 6.25744001279606 0.980595064885166 6.76208213981011 0.834484955829258 4.92450926111633 0.0820418186691294
"73" 73 4.25440415989268 1.05964389438281 4.97746568682494 0.986504741834263 5.2951786838774 0.83122381286278 6.50978806240521 0.0876670571486333
"74" 74 5.03154558467348 1.05886249037189 8.15175767949481 0.988309749814134 5.62108803050891 0.820493071005393 6.92907342970125 0.107121199727589
"75" 75 4.37645888112792 1.05280926880249 5.19550291244239 0.983518134224184 6.15349405001899 0.834914319433571 6.17798006451838 0.0822239006010357
"76" 76 5.5392144353643 1.06097205283799 5.57615760416129 0.985806347635187 5.66114070399392 0.836254080084525 4.17528266709499 0.101555866121278
"77" 77 4.24132195757578 1.04017548345787 5.31790348544638 0.985645222364447 5.04733520831493 0.831902746371368 4.51015378930401 0.0969559053033502
"78" 78 5.33523274759871 1.05437734685923 5.36606491790613 0.981331203361245 5.23781404566766 0.835471011972635 4.57044397755292 0.0860830639712248
"79" 79 2.80531414686139 1.05970713918472 5.00916448526282 0.972556314406607 3.74848243069703 0.811094391941201 7.05495327154899 0.115899604690043
"80" 80 2.95587237944553 1.05709444678776 5.22158790831737 0.969257027254208 4.65034395739643 0.829050880568203 6.81326848102964 0.081888517450024
"81" 81 4.91499160900745 1.05870269238458 5.61833309647295 0.981881677641533 5.1422458558719 0.821857825801517 4.38878437869695 0.0833677785692445
"82" 82 5.47498507313735 1.05852611246827 7.06621095941197 0.98378013025952 6.11268035796806 0.830029814242507 5.25514043544789 0.0898093964038863
"83" 83 2.60864627905339 1.05821820390269 7.82149172327833 0.979972658107656 3.51149902059488 0.823824783826661 6.4769746101957 0.110072075548006
"84" 84 2.52940661694972 1.06054502712006 7.51387979587723 1.02249962252977 3.0069882613549 0.868464189727252 6.6104853261775 0.14708283482022
"85" 85 4.21125278506445 1.06865906502007 8.08134829588143 0.985678267488889 5.89220782916894 0.831300427371227 6.23960309381951 0.11705212890445
"86" 86 2.6545183045717 1.06265745284524 5.79602361275096 0.975295346497413 3.92079462829001 0.832664168683763 5.14929617157964 0.0914494356463368
"87" 87 4.78734980518171 1.05267541927642 5.3763190445936 0.979147593113394 4.89581969104961 0.834383739930654 4.72259682422179 0.0811407272883875
"88" 88 4.07235825996084 1.05627101122511 4.68810636466453 0.983341551331018 5.97484233065819 0.829035060706262 6.67784212215973 0.0916406109041554
"89" 89 3.8274371126637 1.05094856557581 6.22329878319391 0.977216111188587 5.15289700780453 0.828439386149758 6.56943320848481 0.0744479795943669
"90" 90 2.87362233173471 1.05006132066744 6.80860733797274 0.982634943318657 3.55062240884069 0.837024997656163 6.82513904320972 0.0934093066761468
"91" 91 4.19061112156295 1.04860305590514 6.39084352039547 0.981580777703686 5.34424653226049 0.827357105363926 6.88753461677685 0.0884081831856284
"92" 92 3.84441230498717 1.05254374071282 7.13641623951901 0.980748173492422 6.02775983171972 0.839328631518311 6.72941615447581 0.0998069119760751
"93" 93 2.92137762157145 1.06281232607568 5.19057694614189 0.978685154524032 4.25760984010279 0.828047466734364 6.57462919130503 0.0793318119046851
"94" 94 4.74073268877534 1.05776826546157 4.86917995403262 0.982395908223223 6.53482985175348 0.835289741438997 6.00242434153059 0.0839529989202973
"95" 95 4.98174123605305 1.05975116782606 4.90027932973819 0.980580669286402 6.48232508514546 0.831899531155807 6.52421636074852 0.0812350255901317
"96" 96 4.9339042411952 1.06130129692507 5.44443531352219 1.00612389776206 6.17947767308366 0.85224754264003 4.15074092609851 0.141057094630147
"97" 97 5.617580725126 1.06458179567205 5.23407021342472 0.984971089817079 5.74498510492053 0.825125181839673 4.36006672554295 0.0978425461528832
"98" 98 5.24599453793848 1.06520511958617 5.23821628313759 0.986245029844357 5.95322194313395 0.838348553301127 4.11134148780748 0.113243657938715
"99" 99 3.8146066105953 1.05344578839057 6.80981803268813 0.978941183360681 4.22884662828748 0.83567213589155 4.80187935245946 0.102183479894923
"100" 100 3.94796602050276 1.04702216755779 7.39540424957773 0.981017300160948 5.09522177972651 0.828078990548074 5.49847023464004 0.0912505515766275
"101" 101 5.39824823289309 1.05841124879542 6.8073015580061 0.991658013026591 6.32040367263082 0.838674779741613 5.26083379283145 0.110181232013079
"102" 102 5.37138849686911 1.06110181784095 4.69435567630362 0.98182463539198 6.68097708200959 0.837700774663776 6.5285249305999 0.0965838567749367
"103" 103 6.74586090677614 1.07965596281161 4.67336120870593 0.985149048281704 6.68619445926722 0.837991015833699 6.59664718772705 0.0997402239843771
"104" 104 4.55623239612135 1.0562894693764 6.96264286535139 0.976589237911212 6.34451532514333 0.838245825798187 6.70727418370963 0.110234263321772
"105" 105 4.71888975695921 1.04081579947371 5.19039793708228 0.983395128951512 5.40052827096402 0.83197433284143 4.71232255675382 0.0837323467472409
"106" 106 4.14344756404542 1.05858611379657 4.729945901184 0.990050958725177 5.80012542911819 0.833408104085565 6.69081211634482 0.105507484401488
"107" 107 4.94367773900875 1.03427737656804 5.49558797981087 0.983452645578756 6.16716006136428 0.835268891264835 4.65764820367267 0.0885832833484074
"108" 108 2.21212118492551 1.05780915633497 7.34997372351602 1.01184632611857 2.71710547644461 0.862934256028973 6.56459486069179 0.136654586222607
"109" 109 4.00450993844384 1.05785017548449 5.22201342941296 0.988887456233756 5.17790849669153 0.833622847806696 6.42040034229202 0.0858103968641457
"110" 110 3.0428687269367 1.0588283088603 7.29664428280213 0.979885275120362 3.91268037659935 0.830164741379185 5.65452184357778 0.0987451362513473
"111" 111 1.62154416580584 1.06952606787166 6.63162167229396 0.974171395664927 2.86427582567083 0.841748974252944 6.54356418467042 0.0980211947546182
"112" 112 2.68986873286624 1.06325142337262 7.01887314661132 0.978676687117579 2.97473997528134 0.837711828294196 6.43307478307151 0.09152040339488
"113" 113 4.10723896446839 1.06600674488091 5.44132347291995 0.976764680358981 4.54958208252721 0.835363710517706 4.83920791666952 0.0776800047723693
"114" 114 5.7125798604964 1.05066569314927 5.1950710637448 0.982106753779346 4.84979498883074 0.828937924958819 4.42218895883685 0.0873529686405596
"115" 115 5.8314660999361 1.05362338698293 5.16196500614479 0.9778997056232 6.51040424658236 0.834978837643253 6.12616167632231 0.0808469329209386
"116" 116 4.44344260177152 1.05083564651484 7.46934041838664 0.977684967949815 5.41561602330477 0.824238889709245 5.64283481422572 0.109010032472987
"117" 117 4.95669006786753 1.07319242648184 7.88860719357181 0.978769689745079 6.12609626965563 0.829306271260235 5.88947354101778 0.131974974599408
"118" 118 3.90819250611356 1.02917872965659 7.90590548530403 0.980641120461313 6.12560454333132 0.829813867285183 5.90589155218064 0.13137112714679
"119" 119 4.49966207074079 1.05282203253833 6.38142605444125 0.977530786732493 5.68408234550231 0.833703417341232 6.04639708280064 0.0986639994862978
"120" 120 4.73351458169152 1.0593628788579 4.71724731064078 0.989102229919943 6.69364745394445 0.845565649895542 6.76911045913354 0.11546148041829
"121" 121 6.02539119754545 1.06457158672185 5.50308594637844 0.972371770571188 6.68026419735187 0.830456431098107 4.7082493034003 0.0904862099760178
"122" 122 2.76894330088896 1.06761338026706 5.27723769296915 0.954015078139456 4.72781859688096 0.833000994263871 7.29652967083549 0.118591774726525
"123" 123 3.26844376874179 1.05204512221691 6.78218314623223 0.982947063767503 3.58443756642668 0.830258266455307 6.71553588991311 0.0881858631064438
"124" 124 5.09036341376538 1.05477378700943 6.17293059184897 0.976109484241831 6.62217603713534 0.836435781573067 6.76935597142814 0.106355319952106
"125" 125 4.78989925432471 1.03658040886105 6.97352822041709 0.979584666149162 6.11413970313384 0.838246344401363 6.81042434343019 0.106691688146958
"126" 126 4.40477967770171 1.05944023032092 4.19534688589723 0.983741590100831 6.51279309014722 0.832550000708785 6.1315344352472 0.110531830117117
"127" 127 4.62382622378294 1.05002006425084 5.50101981290662 1.01866560705654 5.7525423731886 0.856563505969238 6.04548863503224 0.213591912273308
"128" 128 4.71007765396349 1.05841728282389 5.23010975072173 1.01355454719711 6.09002636484936 0.862243420622245 6.31760587644811 0.158350453271722
"129" 129 5.11366233009056 1.06106543492417 5.0708969122302 0.98731779729783 6.25459420685394 0.84040273267084 7.02256698681167 0.101802134934079
"130" 130 5.14731744823739 1.06881616076739 5.17577269399073 0.980969181567213 5.56107370860485 0.835062535399622 4.45994635797422 0.0881661171807035
