"Site_nr" "site_name" "region" "cluster" "cluster_name" "stratum" "utm_x" "utm_y" "EIV_L" "EIV_M" "EIV_Ph" "EIV_N" "EIV_S" "bio_stratum" "normalizedz_mean" "plant1" "plant2" "plant3" "plant4" "fung1" "fung2" "fung3" "fung4" "eukar1" "eukar2" "eukar3" "eukar4" "insect1" "insect2" "insect3" "insect4" "HighForest" "Forest" "Agriculture" "Coniferous" "Beech" "Oak" "Willow" "Heathland" "Dwarfshrubs" "Atlantic" "Jutland"
"1" 1 "Raabjerg_Kirke" "Njut" "NV" "Vendsyssel" "EarlyDryPoor" 581439.69 6388139.47 6.997 4.806 3.895 2.488 0.204 "EarlyDryPoor" 0.069845772 -0.4392506973947 -0.484398680325506 -0.436284296980916 0.164786518420187 -0.518196291425633 0.221213108157346 0.529870820890016 -0.198237357140011 -0.847670805971169 -0.235773376499471 0.554601766411121 0.449809146640349 -0.0382882100480269 -0.213298516209848 0.0963696776845902 -0.147393145507199 0 0 0 0 0 0 0 0 1 0 1
"2" 2 "Uggerby_Strand" "Njut" "NV" "Vendsyssel" "EarlyWetRich" 564449.3 6383379.45 6.242 7.807 6.175 4.707 0.59303 "EarlyWetRich" 0.030343571 -0.48543130721976 0.255850989298766 0.458675565686962 -0.37306237381165 0.570464769182668 0.224535507861097 -0.232436371329878 -0.0914110524963125 1.2613979437119 1.18713790771969 0.245624872246403 -0.743580016141298 0.404642586822939 0.269929303008718 -0.212312705397219 -0.135529590520462 0 0 0 0 0 0 0 0 0 0 1
"3" 3 "Raabjerg_Mile" "Njut" "NV" "Vendsyssel" "EarlyWetPoor" 583804.52 6390025.19 5.907 8.689 4.968 2.896 0.22381 "EarlyWetPoor" NA -0.710273713520669 -0.169670365114687 0.831967371739997 0.265823439180277 0.16453319797967 0.639386514731095 -0.419698070441449 -0.392356024982368 0.0662219090618201 1.61094185274454 1.05818083274073 -0.497040484068042 0.268979733514 -0.0329102748527132 0.25319086927138 -0.0436231775457439 0 0 0 0 0 0 0 0 0 0 1
"4" 4 "Kjaersgaard" "Njut" "NV" "Vendsyssel" "Field" 555479.38 6375310.31 6.38 4.889 6.49 6.207 0.20353 "Agricultural" -0.001132781 0.65756218018356 1.01814056146528 -0.221246215229535 0.583626571139828 0.657235363559479 -0.156407546466649 0.500642638993447 0.0471829521401869 1.11547392561592 -0.542093218185841 0.176678461140977 0.73170186583205 -0.319776096466082 0.0630923179266147 0.114419632674749 0.151640629584955 0 0 1 0 0 0 0 0 0 0 1
"5" 5 "Vandplasken" "Njut" "NV" "Vendsyssel" "Hotspot" 552708.44 6375363.04 6.811 7.149 5.763 3.304 0.36269 "EarlyWetRich" -0.001901494 -0.547378736715496 0.416460085613434 0.467880654403916 -0.559001388596331 0.406646533830401 0.546823976905192 -0.198359113450952 0.183887451009896 1.60962123417903 1.51927942557432 0.157305927396993 -0.272642222960868 0.163152126773479 0.312321367159957 0.0981194367486977 -0.0814125523206063 0 0 0 0 0 0 0 0 0 0 1
"6" 6 "Uggerby_Skovvej" "Njut" "NV" "Vendsyssel" "Ley" 564599.65 6382577.45 6.738 4.486 5.563 4.019 0.21804 "Agricultural" 0.003125951 -0.570206027724993 0.487754898501383 -0.464309404294765 0.150945887505623 0.676995588967557 -0.0769259503102505 0.555324593240821 -0.21635852628333 0.828649403997284 -0.596555031100309 0.328441404970402 0.535247266878774 -0.258018564699462 0.0142336707040273 0.271868429637039 -0.171035991266061 0 0 1 0 0 0 0 0 0 0 1
"7" 7 "Kjul_Strand" "Njut" "NV" "Vendsyssel" "MidMoistRich" 563198.46 6383593.72 5.596 7.518 6.158 5.01 0.47444 "EarlyWetRich" 0.448053854 -0.469626314941892 0.219473638316942 0.324201859561498 -0.0954230247995158 0.704408389809164 0.0479877516150122 -0.34097460403838 0.0692232092954435 1.15558172547494 0.44648275826545 -0.238121329731511 -0.3596976050591 0.139227502461869 0.170323713407662 -0.0382643636607492 -0.210738195862258 0 0 0 0 0 0 0 0 0 0 1
"8" 8 "Bunken" "Njut" "NV" "Vendsyssel" "MidWetPoor" 583990.12 6389854.31 6.546 8.624 5.148 3.379 0.24352 "EarlyWetPoor" 0.044652433 -0.358090410710643 -0.267732723113121 0.765456876964223 0.18327049682352 -0.204035022323574 0.711851274439017 -0.257513216752229 -0.493170725349542 -0.372571973286222 0.833615704346352 0.42178635281726 0.145399623115502 0.305678843280399 -0.0470858202566646 0.0927939353761684 -0.0690605000868102 0 0 0 0 0 0 0 0 1 0 1
"9" 9 "Tversted_Plantage" "Njut" "NV" "Vendsyssel" "Plantation" 574170.34 6384472.73 3.692 5.492 3.329 4 0 "LateDryPoor" 10.53934792 0.0702327313966896 -0.621811741847938 -0.758439899034136 0.156835320339403 -0.817243087780007 -0.0994583497090349 -0.0657894410836146 0.114146806383284 -1.52621225519723 -0.460196584008653 -0.199250300425698 -0.335420807648088 0.0067996684997589 -0.259876951188176 -0.0451761381925961 -0.0664477160750715 1 1 0 1 0 0 0 0 0 0 1
"10" 10 "Kaellingdal" "Njut" "NT" "Thy" "EarlyDryRich" 479149.59 6330450.88 6.698 5.021 5.895 3.585 0.35735 "EarlyDryRich" 0.003737001 -0.520402897013495 0.0946702603050942 -0.515464846593045 0.133128423998093 0.300688981503965 -0.0820353477142571 0.540659730075168 0.0548518809448092 0.596299382452364 -1.00200173026938 0.347470995604818 -0.527457973945886 -0.292921129580405 -0.0400424950399361 -0.0354570643206809 -0.198572271059885 0 0 0 0 0 0 0 0 0 1 1
"11" 11 "Lild_Strand" "Njut" "NT" "Thy" "EarlyMoistPoor" 497046.4 6333482 6.779 6.093 3.568 2.426 0.16282 "EarlyWetPoor" 0.004704416 -0.557948692005354 -0.427137433705836 -0.0298579131115038 0.110822620160697 -0.778508678445597 0.441222794489977 0.175660752084921 0.115800197471276 -1.12314025651105 0.341283847956953 0.141983940078561 0.261571454325375 0.126367392527622 -0.212220049087678 0.127676472093668 -0.0255148892336724 0 0 0 0 0 0 0 1 1 1 1
"12" 12 "Raspkaer" "Njut" "NT" "Thy" "LateMoistPoor" 473347.36 6321636.52 6.603 6.366 2.768 2.103 0.04701 "EarlyWetPoor" 2.440597057 -0.473242924507211 -0.587963504093179 0.229745197032311 0.0530062793440104 -0.796543014278771 0.486657687119129 0.118953503445759 0.149128352511727 -1.42540199525271 0.397059379891343 0.231247680480808 -0.362315723310964 0.131309188309153 -0.158864079874658 0.176926878293025 -0.157003164485836 0 1 0 1 0 0 0 0 1 1 1
"13" 13 "Toemmerby_Fjord" "Njut" "NT" "Thy" "LateWetPoor" 495752.92 6323436.49 5.192 6.952 3.275 3.073 0 "LateWetPoor" 3.812526235 -0.147407089071569 -0.341018504559212 0.294415298942733 -0.0395449855775367 -0.549198186460021 0.0149498098997446 -0.516396069330189 -0.0161396697215674 -0.742053753405123 0.694739082420541 -0.519432917378846 -0.275865462109551 0.180505451683138 -0.0525216391603422 -0.118780600272176 -0.0789596169214115 0 1 0 0 0 0 1 0 0 1 1
"14" 14 "Febbersted" "Njut" "NT" "Thy" "MidDryPoor" 480429.24 6330041.18 6.87 4.578 4.525 2.492 0.56558 "EarlyDryPoor" -0.00224837 -0.421731081365193 -0.646458825667426 -0.425366997568328 0.0433116170775937 -0.674207552184105 0.356818430273408 0.561070717936733 0.0767162206824942 -1.0157128051406 -0.38206243026119 0.618335813511721 0.0676597890238312 0.00917542102803766 -0.244532708090066 0.05152649886893 -0.221828344513285 0 0 0 0 0 0 0 0 1 1 1
"15" 15 "Kokkaervand" "Njut" "NT" "Thy" "MidMoistPoor" 478318.42 6324607.29 7.281 5.964 3.334 2.289 0.13149 "EarlyDryPoor" -0.002171542 -0.555164417796549 -0.671473571533224 0.00265254089018949 0.0588626216368523 -0.679993882646995 0.331450261974926 0.60490125628889 0.104380898014194 -1.41307461248631 0.00838171480400684 0.688497299954161 0.00642352978995294 0.0672058080552992 -0.279647993221068 0.182622698606516 -0.136920667134886 0 0 0 0 0 0 0 0 1 1 1
"16" 16 "Tjenestejorden" "Njut" "NT" "Thy" "Oldfield" 494961.69 6323036.61 6.699 5.029 5.912 4.454 0.29629 "Agricultural" 0.00340252 -0.2534612205179 0.476332812653084 -0.475810800003102 0.106724303128523 0.418315033932454 -0.0810985753455385 0.532570847770164 -0.304703299713584 0.733083160570786 -0.560954565565406 0.393923642341866 0.799709600912029 -0.173619743914886 0.0612765334736942 0.224669645773938 -0.113250301673014 0 0 1 0 0 0 0 0 0 1 1
"17" 17 "Tovsigvej" "Njut" "NT" "Thy" "Plantation" 494653.15 6322391.79 4.891 5.871 3.044 3.26 0 "LateDryPoor" 3.233060507 0.172579422824416 -0.394772437294114 -0.214441506028055 -0.164537163398098 -0.788960196521367 -0.239161161171702 -0.042933437097397 0.0277239481011131 -1.35951339478889 -0.44316013985685 -0.338069174982516 -0.485003637444968 0.0386425344312935 -0.221150019733486 -0.0575695528995954 -0.113663859880939 0 1 0 0 0 1 0 0 0 1 1
"18" 18 "Oesterild" "Njut" "NT" "Thy" "EarlyMoistRich" 492404.99 6322387.73 6.607 6.674 4.789 3.495 0.15663 "EarlyWetPoor" 0.003180596 -0.258222572031777 0.1089060498537 -0.0938756645081188 0.230547935986796 -0.121685140697756 0.24774330956951 0.31556625659461 -0.444703837184598 -0.128629494342207 0.167334207008109 0.303023564592989 0.50974583165722 0.0416189069979635 -0.0134590123023584 0.178409767769458 -0.0911258151855581 0 0 0 0 0 0 0 0 0 1 1
"19" 19 "Buderupholm" "Njut" "NH" "Himmerland" "Hotspot" 552575.8 6301441.4 4.055 5.244 6.079 4.859 0 "LateDryRich" 10.34499237 1.08377605122054 -0.17443673586371 0.0470587853136948 0.408315324607975 0.0252063730852831 -0.73002362791121 0.116029693380778 0.670573975242815 -0.246991800373539 0.037563888344654 0.367905246614304 0.132406680892266 -0.111481310868512 -0.0945970822794732 -0.0223901945578325 -0.141296159685857 1 1 0 0 1 0 0 0 0 0 1
"20" 20 "Urskoven" "Njut" "NH" "Himmerland" "LateDryPoor" 551027.73 6297142.84 4.573 5.383 4.72 4.407 0 "LateDryPoor" 12.93199233 0.853483680320505 -0.250373517423678 -0.228824397196694 0.367716327911735 -0.505895001587666 -0.537435298662151 0.0010131407034088 -0.0458978436359804 -0.793357344793856 -0.36670358346065 -0.547566428959187 0.260803244066145 -0.0157494181602819 -0.178395224361003 -0.130320243129462 -0.0244741751449518 1 1 0 0 1 0 0 0 0 0 1
"21" 21 "Skindbjerglund" "Njut" "NH" "Himmerland" "LateDryRich" 556187.31 6305594.48 4.26 5.652 5.062 4.902 0 "LateDryPoor" 7.733472421 0.95510349877326 -0.0806665669947539 -0.323404825441624 -0.0711237071821998 -0.405030902701117 -0.547283732185531 -0.135100066951694 -0.206368731646534 -0.998405149023652 -0.290032475028349 -0.476356657951484 0.520437194584742 -0.0203304518030272 -0.182343467046757 -0.0918205472964872 -0.0251487318502599 0 1 0 0 0 1 0 0 0 0 1
"22" 22 "Hoestemark_Engskov" "Njut" "NH" "Himmerland" "LateMoistRich" 574000.44 6311083.17 4.6 5.877 4.079 3.953 0 "LateWetPoor" 8.973448685 0.713599325100313 -0.309050366257715 0.0876790017006295 0.561458043875581 -0.748778700834894 -0.439447336641329 -0.409157786053406 0.174012344131591 -1.26408393227765 0.0287706486887405 -0.586342816275117 -0.00448496862126001 -0.0326489282174018 -0.214672674881151 -0.0613318291441694 -0.01086598914057 0 1 0 0 0 0 0 0 1 0 1
"23" 23 "Hoestemark_Sumpskov" "Njut" "NH" "Himmerland" "LateWetRich" 574846.28 6310504.06 5.945 7.346 5.12 4.423 0.0296 "LateWetRich" 6.398952109 0.259000494174974 0.148114629711908 0.537192284322553 0.404022591607755 0.183042226077716 0.101974234423275 -0.60543849327946 -0.165237216494864 0.499995014270366 0.84235950174471 -0.394008746869862 0.315945829934511 0.304976757393697 0.0827050670127786 0.00413584142241195 -0.0251661177239369 0 1 0 0 0 0 0 0 0 0 1
"24" 24 "Regan_Vest" "Njut" "NH" "Himmerland" "MidDryRich" 548845.8 6298055.85 5.181 5.499 5.981 4.798 0.04453 "LateDryRich" 3.541327314 0.619164779340156 0.0193274634831104 0.0439055737850591 -0.713183935869833 0.390131937929979 -0.545124978649138 0.112433675826813 0.355108056357706 0.447159594080299 -0.979371661691496 -0.514589787240755 -0.393723942285858 -0.0837454283905633 0.0826785572183285 0.0266444674717233 -0.369645459010417 0 1 0 0 0 0 0 0 0 0 1
"25" 25 "Gravlev_Kaer" "Njut" "NH" "Himmerland" "MidWetRich" 550046.75 6299092.95 6.494 7.919 5.797 4.53 0.12457 "EarlyWetRich" 0.00112817 -0.333094368535722 0.492227939766399 0.419326945514647 -0.0341065846901905 0.794376259082347 0.285973453723381 -0.288554212719393 -0.117348620004271 1.55571157957638 1.16327068605281 0.0233573641313145 0.416852008809546 0.176633849028584 0.256024359921084 0.0332850982529294 -0.0950602519843852 0 0 0 0 0 0 0 0 0 0 1
"26" 26 "Rold" "Njut" "NH" "Himmerland" "Plantation" 551953.55 6296984.85 4.583 5.685 4.589 4.119 0 "LateDryPoor" 12.84610454 1.0091579526051 -0.3228303845711 -0.174110634412675 0.347529356920348 -0.621453988246556 -0.598435487567715 -0.128571594093213 -0.117144238286101 -0.945906896060642 -0.403051358992203 -0.548209251329111 0.500077790158867 -0.0389521967422146 -0.178191625170855 -0.136425460290267 -0.113570440117753 1 1 0 0 1 0 0 0 0 0 1
"27" 27 "Husby_Klit" "Wjut" "VU" "Ulfborg" "EarlyDryPoor" 446100.59 6241311.1 7.131 5.016 4.227 2.406 0.3674 "EarlyDryPoor" 0.001363547 -0.398827026505639 -0.534861535838574 -0.388135686605044 0.225129316169847 -0.673833998795626 0.235298140089062 0.506182813209862 -0.0888877389121192 -1.19673937632414 -0.415605713612608 0.543012765104553 0.202463116552191 0.0151940836358198 -0.115992572933074 0.143065689595489 -0.221892295645844 0 0 0 0 0 0 0 0 1 1 1
"28" 28 "Ejstrup_Mose" "Wjut" "VU" "Ulfborg" "EarlyWetPoor" 461377.1 6224901.35 6.869 8.417 3.306 2.087 0.13492 "EarlyWetPoor" 0.074736127 -0.257623436811053 -0.493927944970547 0.452398116918783 -0.0605201812691668 -0.290556789818191 0.789493692578537 -0.422156444937679 -0.228626969767665 -0.303509113731101 1.70701389426707 0.150265209253159 -0.0284463010139067 0.325504087789034 0.0258233625630517 -0.0299094046633755 -0.0576809998689008 0 0 0 0 0 0 0 0 1 1 1
"29" 29 "Soenderbyvej" "Wjut" "VU" "Ulfborg" "Field" 450191.29 6239197.91 6.552 4.504 6.504 6.055 0.20769 "Agricultural" 0.000762709 -0.017151689027102 1.2774285637225 -0.0713309878110944 0.350213831815648 0.620621974367707 0.0058294931738125 0.298917415560801 -0.0821886544693951 1.04279050796637 -0.276087256365821 0.464980518985316 0.869672596422511 -0.053720125526634 0.126580421431949 0.295667555563302 -0.0485701723419031 0 0 1 0 0 0 0 0 0 1 1
"30" 30 "Lilleaa" "Wjut" "VU" "Ulfborg" "MidDryPoor" 469508.51 6233883.66 5.535 5.898 2.926 2.397 0 "EarlyDryPoor" 0.15418662 -0.37481840017258 -0.856090261661939 -0.336434035425897 -0.07333885728501 -0.781016308095371 0.202203811797674 0.369635827201714 0.167714858325197 -1.43583449351126 -0.222336316086201 0.330719676160521 0.0275044924950149 -0.00137336579108395 -0.256535491002224 -0.02647623930438 -0.0794713352862829 0 0 0 0 0 0 0 1 1 1 1
"31" 31 "Ejstrup_Eng" "Wjut" "VU" "Ulfborg" "MidMoistRich" 462049.39 6224867.18 6.29 7.568 5.373 4.169 0.11177 "EarlyWetRich" 1.21057273 -0.363627483831319 0.158147427752487 0.488029858883834 0.136644106873927 0.423120717222158 0.131156091069235 -0.550087939506408 -0.5237937435492 0.838297195806483 0.677378706303125 -0.363561387366298 -0.0544640729479932 0.165017227179467 0.165923173076281 -0.0154257555064408 -0.121113042952514 0 0 0 0 0 0 0 0 0 1 1
"32" 32 "Ejstrup_Krat" "Wjut" "VU" "Ulfborg" "MidWetPoor" 461030.9 6225250.05 5.964 7.715 4.769 4.053 0.14703 "LateWetPoor" 1.468814816 -0.669839926566935 0.157945298701095 0.675827902710836 -0.0392151147134135 0.28289640044032 0.184744766610025 -0.646803471486285 -0.318514191660135 0.88403708396607 1.53524463163208 -0.343439667005376 0.366195089960805 0.256368740178862 0.132444941118435 -0.0791644174765676 -0.0203150960310604 0 0 0 0 0 0 1 0 0 1 1
"33" 33 "Nissum" "Wjut" "VU" "Ulfborg" "MidWetRich" 448188.69 6241791.55 5.711 7.722 5.216 4.724 0.12584 "LateWetRich" 1.665500652 -0.0608985681585364 0.203296579668117 0.602540052872833 0.421768459424145 0.0543908825369856 -0.00351248286739646 -0.436658487797471 -0.426441456299382 0.17673336155029 0.783101974527801 -0.340806990441447 0.745520702337418 0.202217152591123 0.00974788128937791 0.0168253283870794 -0.0992839107156649 0 0 0 0 0 0 1 0 0 1 1
"34" 34 "Klitvej" "Wjut" "VU" "Ulfborg" "Oldfield" 446447.59 6231765.31 6.986 5.681 5.392 4.04 0.51816 "Agricultural" -0.002535826 -0.846258569660697 0.337398087808807 -0.267098963995612 0.166343782189173 0.134813752352345 0.10413138974723 0.257056686429513 -0.484552771039958 -0.0113500597124051 0.232498952555685 0.292502301926258 0.896628441472357 0.0133163540430834 -0.0600809488658745 0.147946300508634 -0.113938505692877 0 0 1 0 0 0 0 0 0 1 1
"35" 35 "Straasoe_Plantage" "Wjut" "VU" "Ulfborg" "Plantation" 468638.9 6233491.8 4.546 5.333 3.883 3.767 0 "LateDryPoor" 5.814491445 0.617112938649488 -0.440928345022215 -0.0835685827634492 0.465405040373768 -0.742386108792527 -0.269548255181481 -0.145245538517769 0.0674756174127706 -1.03142732179774 -0.248785382897226 -0.462517471574966 -0.245192624953119 0.0175437383856801 -0.276549809876034 0.0237087130036942 -0.0757623787591514 0 1 0 0 1 0 0 0 0 1 1
"36" 36 "Nymindegab" "Wjut" "VO" "Oksb°l" "EarlyMoistRich" 448267.08 6186361.71 6.189 7.396 6.225 3.962 0.46487 "EarlyWetRich" 0.001298491 -0.301448163268139 -0.0610430991394911 0.295210785853653 0.337663573914528 0.712213979457314 0.525278236230627 -0.53548760565262 -0.0944067808630627 0.873404460384046 0.884733418495353 -0.181282853950463 -0.958327110927771 0.206082635413053 0.0913695331126669 0.115253776218209 -0.327644851072269 0 0 0 0 0 0 0 0 1 1 1
"37" 37 "Houstrup_Strand" "Wjut" "VO" "Oksb°l" "EarlyWetRich" 448740.91 6181178.73 6.813 7.85 5.058 3.229 0.33922 "EarlyWetRich" 0.01737838 -0.671569218450967 -0.0279658257270351 0.545465226965407 -0.0859728923121971 0.382085834263984 0.756168455783754 -0.465951821462909 -0.291130299819304 1.07884404186651 2.13911789517689 0.0681866034150976 -0.290251416459816 0.440586152171673 0.230486296038949 -0.0957973983033181 -0.0431422154223282 0 0 0 0 0 0 0 0 1 1 1
"38" 38 "Vroegum_Kaer" "Wjut" "VO" "Oksb°l" "Hotspot" 452315.55 6170040.1 6.261 7.02 5.347 3.687 0.17162 "EarlyWetRich" 0.013943555 -0.532779715020577 0.231551327448426 0.225181295864768 0.237938506297677 0.595418935660849 0.543809388815959 -0.293446635666001 -0.234488810735958 1.1020370981043 0.771006787999672 0.264715152507024 -0.173965778292561 0.274057471367141 0.153736854003869 -0.0799689995771241 -0.135905633159906 0 0 0 0 0 0 0 0 0 1 1
"39" 39 "Kjaergaard_Loevklitter" "Wjut" "VO" "Oksb°l" "LateMoistPoor" 449133.01 6172345.92 5.036 5.633 3.624 3.486 0.0875 "LateDryPoor" 4.374057957 -0.0823537902313927 -0.231884636043949 -0.170812980236603 0.0485035531436718 -0.679703618966733 -0.224149800949298 -0.17755004562091 -0.0376114104471819 -0.930900527116489 -0.278563285212468 -0.270450071433589 0.239190062365235 -0.0340558071949308 -0.160346147091713 -0.0435135878891484 -0.0151627075143322 0 1 0 0 0 1 0 0 0 1 1
"40" 40 "Loenne" "Wjut" "VO" "Oksb°l" "Ley" 450646.5 6183553.05 7.026 5.623 6.067 5.538 0.44702 "Agricultural" -0.0003004 -0.207709828412829 0.682878034087126 -0.101106530235894 0.538634101059271 0.438518933735162 0.181658313965342 0.151784998389782 -0.326152974939019 0.642501161653779 0.392337655110224 0.552451601197528 0.705113942037315 0.0811939086436002 0.0356133623686844 0.169240166814152 -0.121465677394465 0 0 1 0 0 0 0 0 0 1 1
"41" 41 "Blaavand" "Wjut" "VO" "Oksb°l" "MidDryRich" 441992.95 6157820.4 7.029 4.561 5.25 3.142 0.43264 "EarlyDryRich" 0.001923052 -0.583155602693519 0.0807731814154909 -0.535742795691463 -0.180708469403232 0.416297538722971 0.183989108510962 0.617437665214202 -0.0161623859367708 0.718431620501874 -0.833351608255487 0.717098013369023 -0.240188169096708 -0.165493603460044 -0.0640787546940769 0.233227213345596 0.31916526679825 0 0 0 0 0 0 0 0 1 1 1
"42" 42 "Breddal" "Wjut" "VO" "Oksb°l" "MidMoistPoor" 447793.59 6171266.16 6.56 8.027 2.711 1.514 0 "EarlyWetPoor" -0.001438912 -0.546460225706388 -0.852934106938148 0.130029917561202 0.118533370682467 -0.737874308439282 0.785642778665402 0.136218430864346 0.294214828502114 -1.2302945287752 1.40495057120681 0.470886085635453 0.135700043762515 0.130310263764015 -0.11965850532548 0.256649613237525 0.0073690147663188 0 0 0 0 0 0 0 0 1 1 1
"43" 43 "Filsoevej" "Wjut" "VO" "Oksb°l" "Plantation" 450717.4 6169922.5 6.018 6.51 4.695 4.287 0.1789 "LateWetPoor" 5.736051266 0.227368700194507 0.221555701140047 0.0663755574485546 -0.155325919689759 -0.252801815448946 -0.00973117360059918 -0.212018779877639 -0.525418457755054 -0.570654176971456 0.535749170961702 0.0274970391937115 0.708455064202878 0.171394366806412 -0.0337752914421321 0.112132096750497 -0.0132494961341846 0 1 0 0 0 1 0 0 0 1 1
"44" 44 "Lovrup" "Wjut" "VD" "Draved" "EarlyDryRich" 493481.4 6110733.35 6.278 5.623 4.401 3.262 0.07668 "EarlyDryRich" 2.372233603 -0.261695807310795 0.115647581172078 -0.218954753599956 -0.0869748195248327 -0.324188983399503 0.135385800095816 0.312204760378545 -0.29664665833405 -0.614786040240316 -0.409439086741999 0.537352051691281 0.0902439795481186 -0.0687205898492954 -0.164830682489864 0.0745305197421949 -0.0104123481564776 0 1 0 0 0 0 0 0 0 1 1
"45" 45 "Helm_Hede" "Wjut" "VD" "Draved" "EarlyMoistPoor" 495874 6114066.95 6.327 6.699 3.251 2.419 0.01786 "EarlyWetPoor" 0.007771613 -0.378290845735476 -0.600563416843338 -0.0135063660196576 0.276334576740007 -0.539162532263961 0.541265094263553 0.213498972737118 -0.0512570124532055 -1.02962250810678 0.658109372398788 0.451491727243654 0.115146721706653 0.0756362087143896 -0.152977805671979 0.103189181277221 0.156690139284503 0 0 0 0 0 0 0 1 1 1 1
"46" 46 "Lindestykket" "Wjut" "VD" "Draved" "Hotspot" 497379.95 6096050.55 4.434 5.839 5.322 4.953 0.01087 "LateWetRich" 6.766698434 0.793263975824531 0.238831791258117 0.1207676565146 0.124121134703743 -0.339770770721006 -0.432094538711409 -0.348856684082809 -0.0688710997548687 -0.52356389281453 0.164280718265576 -0.641733858638253 0.115714293367799 0.0806356069595185 -0.0548395384384164 -0.14659884974763 0.0549374141678585 0 1 0 0 0 1 0 0 0 1 1
"47" 47 "Lindet" "Wjut" "VD" "Draved" "LateDryPoor" 496881.6 6117838.2 4.813 5.59 3.907 3.951 0 "LateDryPoor" 13.41087524 0.324988694315427 -0.0456083948587954 -0.356853616281499 -0.147030194468689 -0.597026703176539 -0.434322808317393 -0.176081029489565 -0.0442910215122429 -1.03280454256698 -0.35168796492635 -0.415667127878101 0.159884593003045 -0.013155515073095 -0.181612590037699 -0.165765767292724 0.0283143659158674 1 1 0 0 0 1 0 0 0 1 1
"48" 48 "Gram_Slot" "Wjut" "VD" "Draved" "LateDryRich" 503771.2 6127398.65 4.135 5.188 5.135 5.167 0 "LateDryPoor" 7.837952773 0.621708331653856 -0.25523501682761 0.154878360087166 0.237532771423477 -0.417267301796457 -0.575845872358997 -0.186078244468096 -0.0402954067053862 -0.876833350498122 -0.341487808073442 -0.535841116015026 0.343469626750562 -0.058311989345017 -0.195203691982645 -0.149752059996965 0.127180508723129 0 1 0 0 1 0 0 0 0 1 1
"49" 49 "Groennevej" "Wjut" "VD" "Draved" "LateMoistRich" 498339.14 6096492.48 4.444 5.738 5.884 5.297 0 "LateWetRich" 9.495507138 0.718576968385916 0.0729284056568493 -0.00233556057714338 -0.230637440228871 -0.189618442996165 -0.476046981641768 -0.198307380071922 -0.177525824451889 -0.215153549582325 -0.0783476072305296 -0.54034695523363 0.23987805779512 0.0246595149985335 0.00717656889612869 -0.161139051600987 0.0908468466418315 1 1 0 0 0 1 0 0 0 1 1
"50" 50 "Graabjerg_Mose" "Wjut" "VD" "Draved" "LateWetPoor" 499012.4 6096769 5.565 6.514 3.931 4.041 0.04167 "LateWetPoor" 3.691483478 0.296264304229951 -0.446100510910956 0.205102795226064 -0.25033695397877 -0.57471680755092 -0.176287500758166 -0.468118945572911 0.113043672101367 -1.2248724735064 0.0726333862258478 -0.416185035251815 -0.0243483058042505 0.0463414037071307 -0.166966439782932 -0.0879326541309865 0.10105316883729 0 1 0 0 0 0 0 0 0 1 1
"51" 51 "Gram_aa" "Wjut" "VD" "Draved" "LateWetRich" 504292.12 6127347.77 5.59 7.428 6.016 5.938 0.08812 "LateWetRich" NA 0.374916472413241 0.877778442025207 0.531938187624568 -0.282656100172393 0.555767056905575 -0.353789086384465 -0.634212511286609 -0.10587014056719 1.20627974073039 0.343144862027963 -1.01443215946617 0.00252451047355418 0.142336026524183 0.206914955901628 -0.166324437060752 0.0621942526213318 0 0 0 0 0 0 0 0 0 1 1
"52" 52 "Damvej" "Wjut" "VD" "Draved" "Plantation" 496807.52 6115355.54 5.78 6.098 3.518 3.632 0 "LateDryPoor" 8.605807304 0.293222404159188 -0.713151700144358 -0.650345960626295 -0.336650081465451 -0.876933440306313 -0.116635279646377 -0.0766239006944246 0.19712013748796 -1.77297685652568 -0.497503345443527 -0.414081569063378 -0.28597001098269 0.0149599310170276 -0.236605990819847 -0.0400196664297447 0.0786417259314254 0 1 0 1 0 0 0 0 0 1 1
"53" 53 "Elbjerg" "Ejut" "EM" "Mols" "EarlyDryRich" 595013.75 6228997 6.702 4.942 5.745 3.891 0.13187 "EarlyDryRich" -0.002591369 -0.0702497566537835 0.36221457589078 -0.391821287179219 0.0511754705031473 0.266009114058624 -0.160631621158616 0.489464322976479 -0.350951353123232 0.478393450924351 -0.486667685454069 0.234943117132363 0.318649332988988 -0.197989199520419 0.0901379143269641 -0.00316688121751207 -0.0784908429032913 0 0 0 0 0 0 0 0 0 0 1
"54" 54 "Kaloe" "Ejut" "EM" "Mols" "Field" 591617.02 6239514.66 6.449 4.845 6.538 6.326 0.15282 "Agricultural" -0.001488612 -0.594820317936346 1.47617917306415 -0.108420975315694 -0.388017360023755 0.891263967936896 -0.0549857657805471 0.257195398947699 0.33370779157433 1.15332069223898 -0.814313519410105 0.30041051128736 -0.393954350486347 -0.299682455206961 0.332085593255049 -0.00344636069189941 0.0388729251640243 0 0 1 0 0 0 0 0 0 0 1
"55" 55 "Glatved" "Ejut" "EM" "Mols" "Hotspot" 614407.9 6240839.9 6.328 4.502 6.449 3.782 0.1465 "EarlyDryRich" 0.878838614 0.100119710876377 0.0333062974311157 -0.496429987533819 -0.510568719110585 0.500493565271405 -0.253075530616401 0.343539245045068 0.540524414759116 0.822753484283202 -1.20809024756603 -0.108305611099743 -0.640443573413146 -0.195865738752622 0.0891302339846606 -0.0600184666263165 -0.133391706857276 0 0 0 1 0 0 0 0 0 0 1
"56" 56 "Hestehaven" "Ejut" "EM" "Mols" "LateDryRich" 591097.8 6239030.9 4.187 5.536 6.078 5.49 0 "LateDryRich" 23.47789558 1.02635738309067 0.0755267479833173 -0.00802697897391487 0.016443288442224 0.181590218840802 -0.70385384568399 -0.111461796540804 0.021534126905863 0.389758997340229 -0.705990481275286 -0.631578984223902 0.188918802590104 -0.186481623681521 0.0362485244176993 -0.169696127321498 0.00392479952803171 1 1 0 0 1 0 0 0 0 0 1
"57" 57 "Helligkilde" "Ejut" "EM" "Mols" "MidDryPoor" 594494.37 6230172.69 6.189 5.524 3.952 3.298 0.04545 "EarlyDryPoor" 0.571291745 -0.053878468038915 -0.190066647827733 -0.353692980686585 -0.00872464618843916 -0.413951992719303 0.0231233939347163 0.295724059262289 -0.236423824848404 -0.658220403295729 -0.266741011659081 0.128559397061502 0.155931206974861 -0.0405260878646455 -0.116271236869369 -0.0443380280857443 -0.00875485705470533 0 0 0 0 0 0 0 0 1 0 1
"58" 58 "Tyskertaarnet" "Ejut" "EM" "Mols" "MidDryRich" 595137.66 6218270.93 6.643 4.152 6.8 4.167 0.20043 "EarlyDryRich" 0.345630131 -0.331454049623605 0.467199959055295 -0.400804441185736 -0.573464815152587 0.778540325776031 -0.276192831921623 0.412731489633187 0.162087086938941 1.21179861051057 -1.03086347306398 0.291007804451006 -0.131820693697954 -0.362145854817285 -0.0198200294592946 -0.00453979743296459 0.255634700525828 0 0 0 0 0 0 0 0 0 0 1
"59" 59 "Sletterhage" "Ejut" "EM" "Mols" "MidMoistPoor" 594188 6217924.05 5.386 5.869 5.963 5.356 0.44304 "LateDryPoor" 1.272351714 -0.371167112294481 0.256932382591041 -0.0973606687608585 -0.390996356860231 0.231898774404266 -0.30380806082448 -0.0415925534441671 -0.162145582934093 0.641059565064564 -0.622588365030174 -0.208656791663994 -0.130867913068862 -0.0793147309578015 0.066600913115652 -0.0712899318420785 -0.147101959625925 0 0 0 0 0 0 0 0 0 0 1
"60" 60 "Strandkaer" "Ejut" "EM" "Mols" "MidMoistRich" 598417.95 6231974.35 6.496 6.868 5.724 4.615 0.2061 "EarlyWetRich" 0.007872887 -0.13502995064183 0.371813536308121 0.0552366740950128 0.24252606255515 0.716492271663227 0.284177508858392 -0.0684507703212398 -0.388133828550122 1.06207936166165 0.531237120273989 0.22834314368779 0.409448159918815 0.105818255362066 0.169022303438642 0.0224022333474413 0.0183798263144724 0 0 0 0 0 0 0 0 0 0 1
"61" 61 "Langemose" "Ejut" "EM" "Mols" "EarlyWetPoor" 596888.16 6232144.41 7.75 8.469 3 1.688 0 "EarlyWetPoor" 0.003928442 -0.289297327800446 -0.600750702579272 0.59824275908192 -0.548538307264757 -0.216937329195027 0.684126668115004 -0.418010953145151 0.666621476368628 -1.24862101484981 1.84758108934837 0.23145012875194 -1.12246249415269 0.316528459579287 -0.107195211557151 0.059508915467879 0.16019362610475 0 0 0 0 0 0 0 0 0 0 1
"62" 62 "Urfuglebakken" "Ejut" "ES" "Silkeborg" "EarlyDryPoor" 525828.64 6215684.77 6.628 5.427 3.077 2.756 0 "EarlyDryPoor" 0.002873167 -0.25255297371343 -0.843100882974493 -0.459075508843473 0.200801187083085 -0.817953496578801 0.267085385117469 0.55215116947294 0.164733717393703 -1.54600276203765 -0.531903976218739 0.524693164524932 -0.150747456602417 -0.0256565923419538 -0.295251127055557 0.147930873491656 -0.0683860055548598 0 0 0 0 0 0 0 1 0 0 1
"63" 63 "Letmose" "Ejut" "ES" "Silkeborg" "MidWetPoor" 522323.75 6217640.95 6.861 7.148 2.315 1.745 0 "EarlyWetPoor" 0.009374981 -0.481242281689175 -0.647658272479827 0.149180993855528 0.469999403822337 -0.58023680196464 1.09240884403539 -0.143988333224036 0.37517822276864 -1.12821759527811 1.49375949162759 0.131093997987372 -0.288179115707623 0.27034873771099 -0.0462989645722962 0.0766244561806705 0.106936404846583 0 0 0 0 0 0 0 0 0 0 1
"64" 64 "Mossoe" "Ejut" "ES" "Silkeborg" "EarlyMoistRich" 543873.29 6212230.28 6.655 7.836 5.242 3.964 0.0817 "EarlyWetRich" 0.061281516 -0.276049231351039 0.26803539942934 0.241271714574777 0.454923567631603 0.320807928657857 0.445283634094008 -0.0925943584208225 -0.432316683176426 0.598037503374955 1.07549409178611 0.287872041078314 0.460629873729139 0.229228161670208 0.142271628181436 0.0635519084669196 0.000238611976921053 0 0 0 0 0 0 0 0 0 0 1
"65" 65 "Toervefladen" "Ejut" "ES" "Silkeborg" "EarlyMoistPoor" 524781.2 6215997.75 6.595 7.691 3.072 1.954 0.07459 "EarlyWetPoor" 0.000759072 -0.535756633075892 -0.520729989595338 0.0716472925119842 0.396517963368827 -0.221249065865021 0.647176911095981 -0.0607557068740797 0.137380338117162 -0.937155607785917 1.4812691592889 1.07721445968609 -0.109995437280407 0.262354168262328 -0.157590658529083 0.156526528079315 0.0460508025733511 0 0 0 0 0 0 0 0 0 0 1
"66" 66 "Odderholm" "Ejut" "ES" "Silkeborg" "EarlyWetRich" 545567.8 6213415.2 6.612 7.854 5.346 3.961 0.11711 "EarlyWetRich" 0.062152597 -0.0467394497628352 0.292940604451786 0.464120611114884 0.282643897612093 0.447877709713738 0.289897049226202 -0.311504110186915 -0.473963965074428 0.962383464968726 1.19568026245744 -0.0784551803168689 0.280041814266592 0.189524904677681 0.133803743177711 -0.00896653935746177 0.0912927391752349 0 0 0 0 0 0 0 0 0 0 1
"67" 67 "Hoejkol" "Ejut" "ES" "Silkeborg" "Hotspot" 539736.64 6214621.89 5.922 5.511 3.275 3.156 0 "LateDryPoor" 1.796117067 0.158696222901702 -0.658069763152693 -0.189914664864827 -0.0283606115496536 -0.807796019307082 0.00365632665117717 0.471988151007881 0.104657999065906 -1.50456919462581 -0.688050228193676 0.0824477817511942 -0.387112070260068 0.00857495346792243 -0.220554725902752 -0.099380777121339 0.0173519782870063 0 0 0 1 0 0 0 0 1 0 1
"68" 68 "Haarup_Sande" "Ejut" "ES" "Silkeborg" "LateDryPoor" 538526.85 6224867.7 6.059 5.689 2.59 2.726 0 "LateDryPoor" 11.19952427 -0.0310196187310177 -0.737047013926504 -0.314038307154413 -0.309739352419945 -0.93987941674838 0.111390111173418 0.0827574753723785 0.217035681020921 -1.59928361389581 -0.406660274539997 -0.142463300322956 -0.453221352412616 0.0103740372577344 -0.220189921231209 -0.0658534084138769 0.0905008516081094 1 1 0 1 0 0 0 0 1 0 1
"69" 69 "Knagerne" "Ejut" "ES" "Silkeborg" "LateMoistPoor" 532798.41 6221133.87 4.869 5.644 3.877 3.787 0 "LateDryPoor" 10.07066216 0.425865909032676 -0.289560743605678 -0.307695831047422 0.385101682871659 -0.731712850770845 -0.469255073267896 -0.0303467778015809 0.0144758566117828 -1.09768251111978 -0.424307164272387 -0.450836989795586 -0.0425605261353773 0.0119097124904744 -0.179074322675208 -0.11409049192599 0.0111051243565673 1 1 0 0 1 0 0 0 0 0 1
"70" 70 "Gjessoevej" "Ejut" "ES" "Silkeborg" "LateWetPoor" 530848.53 6220233.76 5.703 7.379 5.079 4.326 0.05254 "LateWetPoor" 2.198554516 -0.128164472011152 0.173244046850845 0.402517641854637 0.137831557520761 -0.0614874449379842 -0.00403603410544906 -0.665221741233834 -0.268759364907774 -0.149138155843576 1.12938752736352 -0.816252104685683 -0.0762796357073333 0.234549431126041 0.0441268696033596 -0.111077100914543 0.027397551589511 0 1 0 0 0 0 1 0 0 0 1
"71" 71 "Bjergfald" "Ejut" "EV" "Vejle" "LateMoistRich" 553505.84 6170325.95 5.171 5.711 6.336 5.614 0.08117 "LateDryRich" 7.525250652 0.545723105025276 0.532701497569458 -0.212255885405417 -0.164154379565262 0.0899457883510865 -0.70571116846531 -0.229434387455793 0.380168756554653 0.387436249338252 -0.778838411781629 -0.713070292667457 -1.18397634387993 -0.176511156165745 0.121122216744305 -0.204481521285238 -0.209117078264319 0 1 0 0 1 0 0 0 0 0 1
"72" 72 "Vejle_Fjord" "Ejut" "EV" "Vejle" "LateWetRich" 545922.55 6172032.95 5.375 6.633 6.549 6.436 0.03185 "LateWetRich" 10.84516767 0.665075113479188 0.596529535340513 0.327343052636016 -0.26564669127368 0.571833581774588 -0.480226331879605 -0.322350878779673 0.0666050816016738 1.30290263138381 -0.353647936307841 -0.786514804495191 0.197094530999332 0.00685434209903451 0.243146587954406 -0.114795280724171 0.06396185814124 1 1 0 0 0 0 0 0 0 0 1
"73" 73 "Broendsted_Faelled" "Ejut" "EV" "Vejle" "Ley" 543417.54 6162940.77 6.445 5.284 5.052 3.984 0.246 "Agricultural" -0.003038186 -0.546055089583234 0.495720085846222 -0.280117301184603 0.287697502854592 0.0310633487440116 0.00635914447600082 0.508499327950667 -0.388048888277682 -0.222508557874467 -0.339460857094218 0.411265385120447 0.776047373846279 -0.163524144588278 -0.0346131169209127 0.137141021513089 -0.0314126506329854 0 0 1 0 0 0 0 0 0 0 1
"74" 74 "Rands_Fjord" "Ejut" "EV" "Vejle" "MidWetRich" 543670.7 6162514.8 6.124 8.492 6.621 5.819 0.54147 "EarlyWetRich" 0.112579672 -0.213553531891699 0.51617344526773 0.664882968307042 0.0458482653301939 0.710896231063803 0.539287674873064 -0.523691923078004 0.17474595024112 1.31601612978798 0.916413031928446 -0.285944719305636 0.475035301867336 0.286580619623738 0.209435987528905 -0.00957412337680232 0.036011565687711 0 0 0 0 0 0 0 0 0 0 1
"75" 75 "Svinholt" "Ejut" "EV" "Vejle" "Oldfield" 534311.5 6169168.55 5.954 5.553 6.04 5.34 0.23214 "EarlyDryRich" 0.006546572 -0.677438037527402 0.673740006018926 -0.239112771751053 0.0888249328337053 0.407259597534865 -0.105991175344436 0.363715808629384 -0.417056555222126 0.36209453350853 -0.56145018864797 0.106699114348295 0.502596885807729 -0.169214718337074 0.0660701128166004 -0.0352670950709711 0.0526880976201183 0 0 0 0 0 0 0 0 0 0 1
"76" 76 "Vesterskov" "Ejut" "EV" "Vejle" "Plantation" 553915.8 6171232.85 4.547 5.818 5.926 5.54 0 "LateDryRich" 15.64185693 0.834121345179888 0.14829694507026 -0.0529333716453564 0.337725948260627 -0.198256069266881 -0.675937813717372 -0.127974235966157 -0.195670892233058 -0.490778708947014 -0.733766379633175 -0.715243348539001 0.295656011532779 -0.123598182042956 -0.0508287244421685 -0.237514749242887 0.0475650337824543 1 1 0 0 1 0 0 0 0 0 1
"77" 77 "Rand_Skov" "Ejut" "EV" "Vejle" "Plantation" 554670.4 6171804.7 4.961 5.663 5.725 5.336 0 "LateDryPoor" 13.35173203 0.564376036881634 -0.299785464113281 -0.268679621264451 0.0643808221295349 -0.464394155795123 -0.539958977345629 0.0727438725556481 -0.397582315158462 -0.577456426665144 -0.645280210215907 -0.214888963556827 0.181346803111696 -0.0693827393701057 -0.0797280525062855 -0.15549361462929 -0.00531943473584285 1 1 0 1 0 0 0 0 0 0 1
"78" 78 "Grund_Skov" "Ejut" "EV" "Vejle" "Plantation" 547298.65 6171972.35 4.585 5.774 5 4.807 0 "LateDryPoor" 9.154373462 0.742056007621675 0.10417532952852 -0.0852575287347537 -0.270338800240206 -0.352011183227135 -0.536060239239591 0.0407678454111087 -0.272983446307698 -0.678623468827984 -0.544022563506639 -0.376601958441016 0.173569529967137 -0.0893924132226592 -0.120279818156415 -0.144131911260779 -0.0100954676837461 1 1 0 0 0 1 0 0 0 0 1
"79" 79 "Melby_Hede" "Zeal" "SN" "Nordsjµlland" "EarlyDryPoor" 686535.4 6212641.05 6.687 4.044 4.79 2.605 0.20714 "EarlyDryPoor" 0.004521825 -0.581695904085757 -0.235753683419207 -0.394683935413967 -0.120736482506065 -0.520701183640033 0.281825804710196 0.621704603700783 -0.0376085847866988 -1.06684237829623 -0.829725193823823 1.40807906922435 -0.247953888949101 -0.0603681403777627 -0.105164558941485 0.232084525996289 -0.0296099931494124 0 0 0 0 0 0 0 0 1 0 0
"80" 80 "Melby_Overdrev" "Zeal" "SN" "Nordsjµlland" "Hotspot" 686452.49 6212178.25 6.773 4.243 4.831 2.665 0.19708 "EarlyDryPoor" 0.006616752 -0.496125388708416 -0.220014371060097 -0.381609821285797 0.0192681266732555 -0.138748390441267 0.199799039069168 0.511112439310663 -0.205945993228719 -0.627143541454167 -0.59740911232984 0.794431381863592 -0.0832623639475705 -0.0997036103172268 -0.148458273745314 0.048295327844292 0.0892823728950928 0 0 0 0 0 0 0 0 1 0 0
"81" 81 "Stroedam" "Zeal" "SN" "Nordsjµlland" "LateDryPoor" 704258.1 6206120 3.784 5.351 6.001 5.39 0 "LateDryRich" 16.27556094 0.824638440213928 -0.216626258190462 0.177897340454592 -0.187832664751972 -0.38865314935755 -0.588916913718407 -0.102169134819863 -0.104908105630457 -0.66850412538416 -0.538490096844113 -0.468909581480051 0.15973526963018 -0.120226106684488 -0.143063405908757 -0.127172635974096 0.00435968422954985 1 1 0 0 1 0 0 0 0 0 0
"82" 82 "Birkemose" "Zeal" "SN" "Nordsjµlland" "LateMoistRich" 704170.2 6207380.8 5.305 6.768 6.247 5.783 0.0162 "LateWetRich" 12.61726313 0.530686889388412 0.249933364734119 0.412778111960465 -0.330202000016729 0.319522205244143 -0.32363589793751 -0.538430237351544 -0.0185386484051709 0.923475957142494 0.527845206836357 -0.793985220724663 0.418429442500412 0.0901395930079408 0.160028740898481 -0.0773386988985557 0.146481547348307 1 1 0 0 0 0 0 0 0 0 0
"83" 83 "Maglemose" "Zeal" "SN" "Nordsjµlland" "LateWetPoor" 706779.85 6211031.45 6.83 6.769 2.475 2.212 0 "LateWetPoor" 4.025779266 -0.0935390911010527 -0.788639687279607 0.0804196336912219 -0.306261468173892 -0.406497767819314 0.510629934746381 -0.426930052647533 0.540826095828753 0.884821238429032 0.492945825327851 -0.844682387113611 0.330254753695236 0.174032815103127 -0.194714953657728 0.014799311226687 0.250182839147255 0 1 0 0 0 0 1 0 0 0 0
"84" 84 "Toggerup_Toervemose" "Zeal" "SN" "Nordsjµlland" "MidWetPoor" 705403.38 6209260.54 7.49 7.348 2.858 2.245 0 "EarlyWetPoor" 0.054022542 -0.305570882775301 -0.710834990211355 0.263034306614704 -0.584470189083649 -0.472045137450107 0.666767909671567 -0.281474607811581 0.922930468249132 -1.53968596896061 1.46375180958182 0.197296803511603 -0.88837872106939 0.201018308422759 -0.121056094703031 0.129174488335434 0.264997254918206 0 0 0 0 0 0 0 0 1 0 0
"85" 85 "Ellemose" "Zeal" "SN" "Nordsjµlland" "MidWetRich" 693212.76 6212931.12 6.467 8.552 5.859 4.521 0.08497 "LateWetRich" 2.354189532 -0.146703462049781 -0.0145637313819863 0.824961796433935 0.106908876131599 0.491942847886176 0.144134647441019 -0.67293531781053 -0.172434483367961 0.885257150408594 0.922839564726018 -0.699894378542755 -0.302609362202772 0.245040638466352 0.185980749806275 0.0121449406123704 0.113874776484366 0 1 0 0 0 0 1 0 0 0 0
"86" 86 "Tisvilde_Hegn" "Zeal" "SN" "Nordsjµlland" "Plantation" 691428.45 6215259.4 5.452 5.552 3.564 3.473 0.06696 "LateDryPoor" 12.56437432 0.079905310468801 -0.71746484883074 -0.678278780129058 -0.00199265093547854 -0.765535492349031 -0.226318076603933 0.000347951746489147 0.105406087353937 -1.34027105515578 -0.491062473594145 -0.182803420422205 -0.08002584593506 -0.0385797529148917 -0.175527289278899 -0.104525619744186 0.0422234320394573 1 1 0 1 0 0 0 0 0 0 0
"87" 87 "Tibberup_Holme" "Zeal" "SN" "Nordsjµlland" "Plantation" 702774.4 6209432.3 4.414 5.825 5.21 4.743 0 "LateDryPoor" 8.668384353 0.46794853759789 -0.00151550874834536 7.09236723385374e-05 -0.19644520450922 -0.478657207531702 -0.470850981641402 0.0713519721168553 -0.26058598961026 -0.583840572273778 -0.522944024542398 -0.300172014241868 0.138561189804614 -0.0171957569189158 -0.0595273305184954 -0.170622388281544 -0.0354914527069813 0 1 0 0 0 1 0 0 0 0 0
"88" 88 "Diesbjerg" "Zeal" "SV" "Vestsjµlland" "EarlyDryRich" 652602.86 6189461.85 6.56 4.39 6.189 3.588 0.12995 "EarlyDryRich" 0.097649925 -0.399458740799234 0.321612999666581 -0.454464886601511 -0.399572928390704 0.407791149133236 -0.0514328293702281 0.568948911527806 -0.148418477500664 0.601899472006877 -0.595772249479317 0.73450797829575 0.261571453372141 -0.318701653334263 -0.0298468662785275 0.174906750358898 0.0595314095169476 0 0 0 0 0 0 0 0 0 0 0
"89" 89 "Eskebjerg_Vesterlyng" "Zeal" "SV" "Vestsjµlland" "EarlyMoistPoor" 643345.35 6179060.39 6.581 6.306 5.427 3.805 0.21565 "EarlyWetPoor" NA -0.319062673629785 0.0616996668209099 -0.0495204101712746 -0.0632363064911633 0.257368703881591 0.305934407008903 0.130164814309894 0.0540928377774286 0.940715470478579 0.236169180685552 0.126238550521357 0.210276553197781 -0.0301371888648837 0.199795769507002 0.0653414030472432 -0.0181096349333327 0 0 0 0 0 0 0 0 0 0 0
"90" 90 "Eskebjerg_Enghave" "Zeal" "SV" "Vestsjµlland" "EarlyWetPoor" 642880.93 6178095.34 5.822 7.178 3.48 2.175 0.07161 "EarlyWetPoor" 0.082196883 -0.36085784078527 -0.48675704988587 0.249648651090049 0.141415141004467 -0.364818270990105 0.668371276364811 0.102886317887347 -0.00893354280485129 -0.789146970029925 0.835093702486595 0.767268772791781 -0.188887867400392 0.1009307458011 -0.12253382972208 0.187620400690671 0.09686580921906 0 0 0 0 0 0 0 0 1 0 0
"91" 91 "Malles_Naes" "Zeal" "SV" "Vestsjµlland" "EarlyMoistRich" 638344.24 6175468.45 6.91 6.09 5.999 3.701 0.31503 "EarlyWetRich" 0.00194193 -0.286139841320288 0.247758876226352 -0.143215561170957 0.246105066589818 0.425330862410528 0.477167862542636 0.197875995126773 -0.238402721225479 0.90447110632378 0.439688397940008 0.577162499585635 0.0511248945810386 0.0048693459076401 0.0504186679412391 0.172659738495239 -0.0570450938473152 0 0 0 0 0 0 0 0 0 0 0
"92" 92 "Kaldred_Kaer" "Zeal" "SV" "Vestsjµlland" "EarlyWetRich" 640495.14 6175364.01 6.471 7.011 6.092 4.203 0.4875 "EarlyWetRich" 0.00135619 -0.41759313510511 0.0829946107407392 0.28165548414484 -0.0633977435903015 0.827369484525758 0.411310645000473 -0.189723315705719 0.201566016409496 1.31062964915803 0.561754432448709 0.286098554099577 -0.694866627564862 0.0954974163882543 0.255446829147794 0.0767893766460631 0.110726229043714 0 0 0 0 0 0 0 0 0 0 0
"93" 93 "Skamlebaek" "Zeal" "SV" "Vestsjµlland" "MidDryPoor" 651753.42 6190535.86 6.614 4.737 4.554 2.979 0.23304 "EarlyDryPoor" 0.045463176 -0.399491984065175 -0.267423991690568 -0.57304030981498 0.0288355171894306 -0.375228408086595 0.136237299667467 0.471658190484024 -0.125325258270886 -0.740755419578875 -0.474904057376659 0.374175118802963 0.212292331792485 -0.113495413082614 -0.0818343717512415 0.0469254283114619 -0.0473428951166208 0 0 0 0 0 0 0 1 1 0 0
"94" 94 "Roesnaes_Krat" "Zeal" "SV" "Vestsjµlland" "MidDryRich" 618893.55 6178182.04 5.778 4.693 6.794 4.927 0.18463 "EarlyDryRich" 1.094698484 -0.0484890159932864 0.433887649077626 -0.439626260493724 -0.46774572213978 0.659274400487377 -0.260210762345165 0.323924032013081 0.308986692735902 1.21450127972053 -1.09082510967195 0.195154241658848 -0.276139983112649 -0.449006752160723 0.0472838514934961 -0.085307304613548 -0.116797010916471 0 0 0 0 0 0 0 0 0 0 0
"95" 95 "Roesnaes" "Zeal" "SV" "Vestsjµlland" "Oldfield" 619111.64 6178860.67 6.363 4.902 6.209 5.054 0.24057 "Agricultural" 0.002348017 -0.226382480909797 0.658589603747927 -0.267702408000888 0.246883653000551 0.705961900614527 -0.0830925611757592 0.432022838030872 0.112392963628578 0.907101034813185 -0.9644223396936 0.633137899268332 -0.40884527310757 -0.242111110886116 0.156064371110792 0.173140011804368 0.107489176133928 0 0 1 0 0 0 0 0 0 0 0
"96" 96 "Allindelille_Fredskov" "Zeal" "SM" "Midtsjµlland" "Hotspot" 675263.8 6155726.35 4.233 5.408 6.367 5.658 0 "LateDryRich" 14.3779492 1.03853922604405 -0.330920655936861 0.0649426530347972 0.172154830245024 0.168363648418121 -0.791662041343208 -0.236317915193294 0.619491202552932 0.259021019371756 -1.3414955633698 -0.781780790880719 -0.975037897266136 -0.203120784094882 0.0417719566430712 -0.233319080260252 -0.0640601957766849 1 1 0 0 1 0 0 0 0 0 0
"97" 97 "Suserup_Skov" "Zeal" "SM" "Midtsjµlland" "LateDryRich" 661990.47 6140046.84 3.746 5.342 6.517 5.833 0 "LateDryRich" 12.35119251 0.955463025518563 0.0608450570268686 0.18981005884102 -0.39761657794061 -0.126805076543054 -0.668581129162138 0.00482448374386201 -0.127152715296084 -0.226445946921684 -0.418926042304269 -0.394825199255624 0.590598533121727 -0.127861211667557 -0.0845240952480567 -0.161968938657908 0.0709259599644277 1 1 0 0 1 0 0 0 0 0 0
"98" 98 "Broby_Vesterskov" "Zeal" "SM" "Midtsjµlland" "Plantation" 664333.86 6140552.9 4.158 5.564 6.015 5.566 0 "LateDryRich" 11.64132933 1.02237718305704 -0.144687874772725 -0.0236886820487753 0.177613021880265 -0.0472758219580486 -0.761426687541473 -0.0772615473515781 0.0834610416981338 0.264869545806163 -0.670079020975807 -0.621558573648527 0.248478504394302 -0.159710745561076 0.0369874797920424 -0.160627881338819 -0.00707190545671237 1 1 0 0 1 0 0 0 0 0 0
"99" 99 "Avnsoe" "Zeal" "SM" "Midtsjµlland" "LateMoistPoor" 681899.67 6161530.41 5.08 6.201 4.215 4.278 0 "LateWetPoor" 8.749462474 0.432551340690968 -0.467451862658103 -0.139213295135456 0.016164106707904 -0.689699578493173 -0.370098070816978 -0.478025416952992 0.13348722914979 -0.851056657153523 0.012698558358007 -0.405843971100399 0.0593041236337978 0.0430913725274331 -0.137251807297942 -0.140784996210557 0.111450045546306 0 1 0 0 0 0 0 0 0 0 0
"100" 100 "Smuldmosen" "Zeal" "SM" "Midtsjµlland" "MidMoistPoor" 681901.6 6160066.75 5.408 6.912 5.332 4.769 0.00735 "LateWetPoor" 3.972180108 -0.0575818370363249 -0.156980987961851 0.499521280944152 -0.116156242953671 -0.125361544308533 -0.126358894463118 -0.535096507704212 -0.202434890537809 -0.114365832486009 0.640967709301228 -0.717652037914145 0.378495609722025 0.165532324748986 0.0258941530433231 -0.191687918528243 -0.00663941543311789 0 1 0 0 0 0 1 0 0 0 0
"101" 101 "Frederikskilde_Skov" "Zeal" "SM" "Midtsjµlland" "LateWetRich" 661357.55 6139741.49 5 6.509 6.26 5.818 0.04977 "LateWetRich" 8.823253115 0.56722336490797 0.177098607437354 0.450506322396789 -0.585162680816832 0.478364486332555 -0.383820759877281 -0.522440572981912 0.427516916360408 1.37515826438702 0.0056699003441866 -0.976549216565957 -0.297792450834964 0.065003252007046 0.261556916049249 -0.243578666442852 -0.0427433944747609 0 1 0 0 0 0 0 0 0 0 0
"102" 102 "Kongskilde_Friluftsgaard" "Zeal" "SM" "Midtsjµlland" "Ley" 660681.65 6140028 6.661 5.11 6.547 5.815 0.30866 "Agricultural" -0.003834773 -0.222416535055119 0.856009677754074 -0.178990017613063 0.0548523670699916 0.817410175741162 -0.132660702754453 0.458387524701207 0.300724203177603 1.09099554350539 -1.06722131169216 0.225416030521491 -0.0933649166008434 -0.344057591433306 0.204794872100808 0.118898308857588 0.1094116187862 0 0 1 0 0 0 0 0 0 0 0
"103" 103 "Fuglebjerg" "Zeal" "SM" "Midtsjµlland" "Field" 660836.74 6132877.63 7.018 4.781 6.515 6.422 0.03623 "Agricultural" 0.002953879 0.0740954267727282 1.32174362124156 0.0296907863312704 -0.181367421834906 0.835447318365596 -0.113155643310416 0.479237192381966 0.313045303621682 1.25933592486479 -0.782218250598778 0.140916938645204 -0.00821629114858666 -0.309670328453044 0.334501058780988 0.123546991406998 0.0928689759911121 0 0 1 0 0 0 0 0 0 0 0
"104" 104 "Bimosen" "Zeal" "SM" "Midtsjµlland" "MidMoistRich" 664168.2 6142265.6 6.259 7.522 5.863 4.583 0.14233 "EarlyWetRich" 0.075109281 -0.0889767820397847 0.190539955968784 0.463259416348985 0.0794496606056194 0.953496477427522 0.337934604200763 -0.179225460884481 0.298414527387243 1.55440563442172 0.650258827950041 0.322834793390876 -0.254258235552494 0.0153922306589957 0.234928592436007 -0.0886553386824672 0.250458677642071 0 0 0 0 0 0 0 0 0 0 0
"105" 105 "Svanninge_Bakker" "FLM" "FF" "Fyn" "LateDryPoor" 579564.46 6109181.42 4.389 5.374 5.834 5.661 0.02778 "LateDryRich" 4.859655908 0.446496034491102 -0.0585580458990978 0.235572436562644 -0.670113062098461 -0.247752380220157 -0.528392329693084 0.115678730053947 -0.263381463982987 -0.46539789021523 -0.489162995938083 -0.283098374556034 0.490272951051989 -0.0959919415528475 -0.0986282556926816 -0.128476414893462 -0.0363850670011503 0 1 0 0 0 1 0 0 0 0 0
"106" 106 "Hestebakke" "FLM" "FF" "Fyn" "EarlyDryRich" 579488.7 6109957.7 6.494 4.457 5.869 3.812 0.10919 "EarlyDryRich" 0.367503543 -0.379233706990599 0.349938312171075 -0.46822179947023 -0.245807998769605 0.277982014428635 -0.0283991694364158 0.597191055974008 -0.399571459898827 0.292673173088587 -0.614126680042681 0.681862277722462 0.613659507679279 -0.246567022532607 -0.0290655918486284 0.148548011456118 0.0294936332640661 0 0 0 0 0 0 0 0 0 0 0
"107" 107 "Dalkildegaard" "FLM" "FF" "Fyn" "Plantation" 579910.1 6110351.9 4.608 5.648 6.179 6.029 0.09286 "LateDryRich" 5.283416067 0.270114048246639 0.200639902222617 0.1757557362224 -0.550462610589922 0.142649828038425 -0.552169305897931 -0.019760954093865 -0.248235429089897 -0.0200770063290124 -0.75403635966465 -0.333125964815987 -0.065235548810817 -0.173256236941944 0.0285906779016479 -0.113615144212416 0.102478282570894 0 1 0 0 0 1 0 0 0 0 0
"108" 108 "Iglesoe" "FLM" "FF" "Fyn" "EarlyWetPoor" 583997.05 6109030.25 7.5 7.562 2.573 1.635 0 "EarlyWetPoor" 0.142524187 -0.372283345307361 -0.795446016244036 0.0345669136686188 -0.272524695195881 -0.63967799860876 0.685151107867699 -0.20376651461781 0.793714956515317 -1.60323344522575 1.00627590735163 -0.0594569216432146 -0.964957900161904 0.145253546868918 -0.106236170707787 0.0966093105193539 0.175224359020941 0 0 0 0 0 0 0 0 1 0 0
"109" 109 "Roedme_Svinehaver" "FLM" "FF" "Fyn" "MidDryPoor" 595692.64 6107075.18 6.602 5.253 4.954 3.751 0.10457 "EarlyDryRich" 0.020911031 -0.31936240567521 0.236410052579659 -0.484761052423483 0.192219336979375 -0.023735587335332 0.0411527556607096 0.444106412000298 -0.46466665388472 -0.0585640362392871 -0.488474333265909 0.507405756225166 0.349854223892779 -0.14751563667316 0.0335102389307009 0.115276770887136 -0.0878827846281068 0 0 0 0 0 0 0 0 0 0 0
"110" 110 "Skyttegaard" "FLM" "FF" "Fyn" "LateMoistPoor" 587284.7 6110023.2 5.794 7.5 4.156 3.781 0 "LateWetPoor" 7.389656507 0.00058255150984443 -0.690332130218208 0.552145348591539 0.0501048986872194 -0.588337867212872 0.0357005851550434 -0.447311705702393 0.0726781766741883 -1.17454677744266 0.0987200086695872 -0.377959713721359 -0.192792899920844 0.0401654679220886 -0.128407935434051 -0.0872929095352977 0.162218022842783 0 1 0 0 0 0 0 0 0 0 0
"111" 111 "Nybo_Mose" "FLM" "FF" "Fyn" "MidMoistPoor" 587265.05 6110673.05 7.392 7.524 2.559 1.856 0 "EarlyWetPoor" 0.010109393 -0.600991665150493 -0.918393101670011 -0.0349814706170308 0.0370124861477408 -0.725636411757873 0.582713176360667 0.0753953111509288 0.339410270860512 -1.46444960070646 0.508868229317886 -0.0874989786949359 -0.0980159861782219 0.103522694040455 -0.147388689720145 0.0312633343108994 0.128291992067369 0 0 0 0 0 0 0 0 1 0 0
"112" 112 "Staevningen" "FLM" "FF" "Fyn" "MidWetPoor" 592504.2 6112615.35 6.875 7.536 3.298 2.513 0.02941 "EarlyWetPoor" 0.009954372 -0.197895656447149 -0.724969379144439 0.38929867218847 -0.0779139145037618 -0.696564189452558 0.57410470679881 -0.0535610836034953 0.155469574005923 -0.986570836759861 0.742567658666843 -0.0884997929310929 0.0757141422686751 0.138967502972515 -0.137697616844498 -0.0927934030716247 0.14865538176332 0 0 0 0 0 0 0 0 1 0 0
"113" 113 "Fuglsang_Storskov" "FLM" "FL" "Lolland" "Plantation" 680392.01 6073973.93 5.191 5.864 4.566 4.188 0 "LateDryPoor" 15.62551471 0.587342411007857 -0.347699906822641 -0.551106405188266 -0.126127590650458 -0.603190891195543 -0.400568783062818 0.0756453103295599 -0.179837061244858 -0.636833458546699 -0.482624704155262 -0.128524105345359 0.0828257117330227 -0.116027567976568 -0.0491884174014716 -0.190567268984182 0.0041510498429591 1 1 0 1 0 0 0 0 0 0 0
"114" 114 "Loegnor" "FLM" "FL" "Lolland" "Hotspot" 680771.25 6074624 4.193 5.372 5.512 4.747 0 "LateDryPoor" 10.60571443 0.940768004613279 0.157223754142392 -0.114173503741546 -0.371240165388433 -0.538274959295049 -0.59616160182442 0.0489844339269152 -0.0391812353479871 -0.966713985019415 -0.579934288252016 -0.276696554592264 0.0859076754241092 -0.0464171582198903 -0.0811687535649626 -0.191997140755598 0.0227141647007912 1 1 0 0 1 0 0 0 0 0 0
"115" 115 "Bursoe" "FLM" "FL" "Lolland" "Field" 660056 6070319.7 7.438 4.833 6.604 6.812 0 "Agricultural" 0.001794519 0.45544861569301 0.682967122128883 -0.478430896207205 0.2908911396225 0.708951757916425 -0.145048385891234 0.280754194607146 0.240418645878281 1.13629727967819 -0.748896212372798 0.336686738611002 -0.106294263446696 -0.223848628928454 0.23208810603192 0.102850094034796 0.176216934457565 0 0 1 0 0 0 0 0 0 0 0
"116" 116 "Fuglse_Mose" "FLM" "FL" "Lolland" "LateWetPoor" 663386.35 6067126 5.922 8.214 5.876 4.843 0.15038 "LateWetRich" 5.880741596 0.157940352719225 -0.024781483591213 0.350421890491836 -0.185525118641284 0.112347769029628 -0.12822728800179 -0.620081138461165 0.122948172520265 0.70053755326023 0.294795650975367 -0.683711215960386 -0.234440881419507 0.0441240061953017 0.133697541546209 -0.103601229172675 0.119742020498185 0 1 0 0 0 0 1 0 0 0 0
"117" 117 "Skelsnaes" "FLM" "FL" "Lolland" "LateWetRich" 664394.33 6070179.74 6.352 8.732 6.348 5.264 0.26603 "LateWetRich" 7.615853823 0.434699447218316 -0.0392122558030896 0.85584534352683 0.155484233562796 0.497881441415925 -0.0620324774540431 -0.729352437422094 -0.0685044180024583 0.977533420429468 0.605368030720194 -0.653399535198994 0.00539294785484344 0.16108935293388 0.209893735693437 -0.0234945937455705 0.162466770907439 0 1 0 0 0 0 1 0 0 0 0
"118" 118 "Soeholt" "FLM" "FL" "Lolland" "MidWetRich" 664220.53 6069485.41 6.125 8.689 6.315 5.529 0.18274 "LateWetRich" 2.290368925 -0.125253304135723 -0.155793838757118 0.785131008151439 -0.450429673455203 0.488719000812836 -0.0578991697382093 -0.726233478896377 -0.124822003992125 1.04521467545142 0.934222540530587 -0.7301608314681 -0.807695239628947 0.238484390747515 0.208678615500612 -0.0863797091888593 0.098115805528471 0 1 0 0 0 0 1 0 0 0 0
"119" 119 "Musse_Mose" "FLM" "FL" "Lolland" "MidMoistRich" 670416.15 6066245.09 6.223 6.853 5.723 4.493 0.22175 "EarlyWetRich" 0.396316205 -0.255143086601842 0.342441715932175 0.134795612714046 0.0409006452101318 0.30083584149167 0.0942440504584819 0.00291137141001474 -0.397231992749465 0.172333148170271 0.39116906454692 -0.0708078281036403 0.730710460891777 0.0691406575803394 0.0642682620273567 -0.0417843097963562 0.063642429371863 0 0 0 0 0 0 0 0 0 0 0
"120" 120 "Hejrede_Soe" "FLM" "FL" "Lolland" "Oldfield" 667308.25 6069259.5 6.596 5.08 6.647 5.348 0.20959 "Agricultural" 0.004540267 -0.368280690380313 0.669643920699779 -0.429846812115842 0.106112961201684 0.918962689756959 -0.0588685487498373 0.463170201079218 0.508596272822689 1.20136142910543 -1.20238572324884 0.49965840846366 -0.440826384202221 -0.276757387535837 0.153773471705424 0.00272298596570626 0.0499948398449604 0 0 1 0 0 0 0 0 0 0 0
"121" 121 "Klinteskov" "FLM" "FM" "Moen" "LateMoistRich" 726445.76 6098351.09 4.715 6.291 6.143 5.981 0.01667 "LateDryRich" 6.858412762 0.862869330489719 0.340703109822948 0.198357133361307 -0.0215568611041363 0.451221184266516 -0.579390544253471 -0.0801956771636233 0.0502263746825701 0.884476173126578 -0.537261853196937 -0.717818833540516 0.0701760940767858 -0.100423134897131 0.183966979892921 -0.11315183893674 0.0233203323403252 0 1 0 0 1 0 0 0 0 0 0
"122" 122 "Ulvshale_Klit" "FLM" "FM" "Moen" "EarlyDryPoor" 708858.69 6105766.04 6.837 3.698 4.997 2.69 0.17083 "EarlyDryPoor" 0.004893414 -0.952368682827178 0.00568318327641341 -0.347566696267027 -0.508619029367414 -0.0124898235828052 0.367656892520741 0.620008011277429 -0.36852692530798 -0.483585870919165 -0.621963820476345 1.25579319638727 -0.290231869911861 -0.120620748129352 0.00459613848585499 0.185683907464748 0.130819399789307 0 0 0 0 0 0 0 0 1 0 0
"123" 123 "Ulvshale_Hede" "FLM" "FM" "Moen" "EarlyMoistPoor" 708942.2 6104123.36 6.453 6.618 4.138 3.264 0.14009 "EarlyWetPoor" 0.017549994 -0.332152899685659 -0.245453989021408 0.033671747899378 0.399676662705984 -0.37460120801449 0.619274026105581 0.0940067072912347 -0.0257316512195626 -0.588545382563016 0.407455466198203 0.458771744044506 0.0699963866870164 0.10663481507388 -0.0786169402454995 0.185504253289842 0.151592095487308 0 0 0 0 0 0 0 1 1 0 0
"124" 124 "Busemarke_Mose" "FLM" "FM" "Moen" "EarlyMoistRich" 720914.89 6096628.58 6.685 6.383 6.193 5.19 0.59934 "EarlyWetRich" 0.004471419 -0.0745796564220776 0.564068475918904 -0.0414560302478556 0.508566926992005 1.00457826349348 0.267816928200485 0.12928075688135 0.0475160843933919 1.68683631824338 0.0617748026605005 0.62655152150049 0.0439610009647005 -0.0509895664733872 0.335802168877951 0.0657697243286947 -0.14360765377147 0 0 0 0 0 0 0 0 0 0 0
"125" 125 "Busemarke_Soe" "FLM" "FM" "Moen" "EarlyWetRich" 721199.1 6095874.45 7.032 7.062 6.424 5.893 0.65994 "EarlyWetRich" 0.004670193 -0.224208901430141 0.483363923139573 0.154923121559417 0.594804797542134 0.878414209156533 0.473176608859596 -0.0669663517512775 -0.00719058529896727 1.61596853690264 0.420281539548193 0.942129832231133 0.121066969709676 0.0668624935111155 0.3136197228809 0.28566646842749 0.040533692205086 0 0 0 0 0 0 0 0 0 0 0
"126" 126 "Hoevblege" "FLM" "FM" "Moen" "MidDryRich" 724661.43 6096492.24 6.279 4.619 6.53 4.262 0.12423 "EarlyDryRich" 0.398011024 -0.132343164347311 0.326554454586403 -0.531130689767503 -0.300274390609671 0.528443712967314 -0.342586765026894 0.573101313999559 0.0253816861966368 0.901705787337157 -0.944704355630399 0.424298161230304 0.0534577288342916 -0.310615925835709 0.0347032268545659 -0.0263378721626725 0.0476755651513052 0 0 0 0 0 0 0 0 0 0 0
"127" 127 "Timesoe_Bjerg" "FLM" "FM" "Moen" "LateDryRich" 726525.02 6096761.69 3.632 5.159 6.536 5.435 0.01562 "LateDryRich" 11.03969279 0.713779055222798 -0.287831050851316 0.171087563683418 0.284127900403091 0.362602795559163 -0.347780081757604 -0.0505472687214617 1.01571626152412 0.956489009624689 -1.26139145880587 -0.694727538639026 -0.750329092064639 -0.175624928390981 0.0734298484914898 -0.159443498484278 -0.102338254070278 1 1 0 0 1 0 0 0 0 0 0
"128" 128 "Jydelejet" "FLM" "FM" "Moen" "Hotspot" 725619.9 6098927.95 6.242 4.829 6.621 4.521 0.10518 "EarlyDryRich" 1.343717711 -0.0258134958060128 0.403678690196493 -0.480995170215151 -0.58411130198996 0.702718061648123 -0.0875281529703245 0.205425420167866 0.9830411365598 1.07405339724179 -1.38952298351335 0.705614839369408 -1.2374789084712 -0.28519309085377 0.135116444289032 -0.0441735620911311 -0.140679376659499 0 0 0 0 0 0 0 0 0 0 0
"129" 129 "Hegnede_Bakke" "FLM" "FM" "Moen" "Ley" 710898.02 6102471.64 6.669 5.154 6.237 5.285 0.32708 "Agricultural" 0.002878597 -0.151623664717553 0.691060860549832 -0.340904109250065 0.248779555988282 0.796135082848099 0.129962953152295 0.443972435119169 0.413597731012645 1.15905238657931 -1.06689327731049 0.434106958727577 -0.550440989291301 -0.247758738474244 0.203468400534938 0.102382154313076 0.111403648682518 0 0 1 0 0 0 0 0 0 0 0
"130" 130 "Lindebakker" "FLM" "FM" "Moen" "Plantation" 726482.5 6097506.7 4.073 5.569 5.516 4.903 0 "LateDryRich" 11.10900828 1.06458665662042 -0.210274152735589 -0.187205337808624 0.128529655148851 -0.191508648973508 -0.627882351871074 0.0368008711019374 -0.0390008922052588 -0.262892339584223 -0.586857996156847 -0.415872319602052 0.32420700609029 -0.0845074267415052 -0.0148014049755925 -0.102927902220618 -0.115828138464277 1 1 0 0 1 0 0 0 0 0 0
